-0.060928643652462394
-0.20748855869043836
-0.43289696826904667
-0.7239242305293747
-1.08156098684192
-1.5088693490494767
-2.005004089098048
-2.566939063770095
-3.173607806432356
-3.837431366727273
-4.564072119870245
-5.336784655098643
-6.1540703129486065
-6.956240157851439
-7.887481381125144
-8.794948236687297
-9.739673416335012
-10.732912767524388
-11.74783327885178
-12.816306660536759
-13.853786472531274
-14.951787583001337
-16.07432207410201
-17.1522153835757
-18.303704478197872
-19.481261582778437
-20.631496027855697
-21.80108459143923
-22.994596500668045
-24.21772895918933
-25.48845216136099
-26.666867770709402
-27.982849482379084
-29.24461997126093
-30.436595795947174
-31.710734649827987
-33.0408685834841
-34.28980654086827
-35.49195038972398
-36.87685291245029
-38.106880279665646
-39.47862888891782
-40.76246905946101
-42.106581767939936
-43.40617315711656
-44.79945757027199
-46.101252840887796
-47.44357649795239
-48.82857927086967
-50.17337543684417
-51.53035349660442
-52.77792852329088
-54.167821968781624
-55.4708207701146
-56.874497778889385
-58.26865535609187
-59.60872885920536
-61.004227838530795
-62.34462856879745
-63.7532192554375
-65.08442399999011
-66.53121698882408
-67.84571136675325
-69.29044401310789
-70.64142214805617
-71.96879052490799
-73.41035262517286
-74.77027577055429
-76.15389354690441
-77.55074183678221
-79.00417917221753
-80.31505599636904
-81.76028105106711
-83.11526618255789
-84.54022006965046
-85.95226922089998
-87.37055905611933
-88.7206403568133
-90.07071114052391
-91.53430890208698
-92.94798552906005
-94.3550643609553
-95.75925771592722
-97.04267145545558
-98.58398954084757
-99.99708025113239
-101.36896571016533
-102.7224425883436
-104.13449270982801
-105.56658458594906
-106.98255641800905
-108.36694573573507
-109.80625734992182
-111.23446386802698
-112.69139668721103
-113.9579182992763
-115.4038538960527
-116.84410778187271
-118.34456233013368
-119.74172562099409
-121.16603290754378
-122.53927929425338
-123.99619839239907
-125.3049006637993
-126.69694032976628
-128.1130731401456
-129.63054699331065
-131.0712411126957
-132.49081317140255
-134.01129770147952
-135.311937446793
-136.7426835409404
-138.21034344751226
-139.5643228637681
-141.0075203449936
-142.4328173277214
-143.82076587041698
-145.2036424262524
-146.74789523502864
-148.0912701249708
-149.57337771613498
-150.957424438148
-152.39124664497055
-153.8040951568076
-155.22741297903042
-156.7455313305665
-158.05043328523706
-159.4985488186942
-160.94019757205956
-162.3663267715115
-163.78361804982538
-165.31759114083553
-166.62782750464433
-168.0472538192035
-169.525398498476
-170.9861569553289
-172.3179559416363
-173.80517557814036
-175.28263963940165
-176.69570858626147
-178.08144093261313
-179.54979100957758
-180.9771265471259
-182.46058898770065
-183.8495839793426
-185.2691923680478
-186.67666591393
-188.16393624932235
-189.53641214383754
-190.95745781111577
-192.41884166094695
-193.91950015500174
-195.22750466912723
-196.7667974576325
-198.14739511775255
-199.56802714520396
-201.032262937915
-202.39570432351672
-203.8809554017536
-205.32493092779416
-206.67789344465808
-208.21331447189652
-209.5556077196376
-211.01427454700405
-212.3817480809942
-213.90697279415522
-215.3956814530777
-216.69778144132545
-218.13514140569194
-219.65274350776443
-221.15965383713325
-222.4840552608526
-223.99086183378472
-225.38890722571563
-226.7983696909848
-228.2433608921443
-229.68293609497186
-231.12454877495688
-232.47530897090152
-234.00829108445896
-235.47849074370384
-236.87250062583084
-238.29935402374196
-239.6682097057498
-241.15122769088515
-242.56175175047494
-244.06934130156182
-245.50240148727002
-246.88655136942472
-248.3434940324043
-249.86142423907302
-251.19594994049163
-252.63926624554338
-254.10090936887747
-255.53335665516144
-257.01302088201055
-258.4353154750334
-259.79978444883915
-261.2667614277796
-262.6965089531118