0.00624187990000058 0.005941107800000012 0.007033190900000541 0.0030236077999994393 0.0024287426999993755 -3.367544999992589E-4 0.0041654087999987155 0.0035479306999981475 0.006777613900002422 0.008947439900001797 0.005299005699999526 0.002291440299998726 -0.0028363997000013796 -0.007917852200002073 -0.01080009989999553 -0.01083632419999958 -0.00673689250000109 -5.401359999268607E-5 -0.0022089692999927024 -0.007148839599999235 -0.010644385100000875 -0.003788578499992923 -0.005185382700005903 -0.010600293899983626 -0.012183930999995596
0.008222973900000152 0.0046785031000009525 0.005684546900001308 0.0036054361000008583 0.004765153900001096 0.004590124599999967 0.008368439800001681 0.00592076619999915 0.008870660300001276 0.00774921880000079 0.006104396000004897 -0.002446246999994628 -0.006447864799994818 -0.009885695999997779 -0.011647999699995637 -0.009667733800000633 -0.0035646884999991357 -0.0011853303999984632 -0.002946271599995498 -0.0036673681999985774 1.1639270000785018E-4 9.156399000005422E-4 -0.00277391899999202 -0.008445079300003044 -0.010446499899998685
0.009900369199999481 0.00386464189999991 0.007392228900000575 0.006092784199999812 0.009385476900000356 0.00617365920000168 0.008571245100000624 0.011097861700001488 0.005115290000002659 0.0029218429000010815 0.0018462485000014794 -0.0015330599999927585 -0.003613701899993771 -0.007127782199994215 -0.008993565499991973 -0.003940256599996417 -0.006110456400001851 -0.006320524399995975 -0.001401516100003164 -4.4886179999537035E-4 -0.0022146374000016067 -0.005647405699988894 -0.004040002099998219 -0.005259250699978679 -0.007227057700006867
0.014460380799999228 0.00938455850000075 0.008935760200001752 0.0060214344000009135 0.009491989700002534 0.011395223899999252 0.01632813189999993 0.011700310600001984 -0.0021154045999978166 -0.004037518299995213 -5.690312000012909E-4 -0.004166226999998912 -0.01165806390000057 -0.01018501639999414 -0.004285117899996749 -6.903025999989154E-4 -0.003914616300008333 -0.00409985590000872 -0.001116291599998931 -0.0018259152999888784 -0.0020198214999851416 0.0011193845000150304 -0.00492882339997891 -0.0083411797999986 -0.009933338499990896
0.018092405700000924 0.003874714000000168 7.366192000013427E-4 0.0018753688000039404 0.005879604700002261 0.013174787400000554 0.007719878400003211 4.3930899998656514E-5 1.2329120000487137E-4 -0.0033378542999997762 -0.00545708150000479 -0.01269854879999599 -0.010879517999995869 -0.005585568199997226 -0.004030383299998164 -0.0064590063999929725 -0.005744286099996998 -0.0012830656999938128 -0.004643389600005321 -0.009217631900000356 -0.005330227200005311 4.6460900000511174E-4 0.001998742799997899 -0.009276491299999634 -0.011052268000000254
0.013308647200000578 -0.002427176200001213 -0.0016063753999979724 -2.633054000007462E-4 0.0061883339999972975 0.005108007899998768 -9.900769999973136E-4 -0.0025129556999985425 0.0029634944999941126 -0.003052257499994937 -0.002005160899990699 -0.0027628437999993594 -0.00495414579999931 -0.010896149100005914 -0.00981654109999397 -0.009275825399996052 -0.007539030299980709 -0.014005949299999543 -0.014829656699987481 -0.009226799199993252 -0.0026167803999896933 -0.006088129599987724 -0.006863332400001809 -0.008816727300001048 -0.006771290299994348
0.003611008200003596 -0.003195284200000259 0.0016894004000000962 0.001467056599999239 0.004887398300002843 -2.560679999916715E-4 -0.00504954089999643 0.0024151047000060544 0.0031016609000005246 6.105654000023719E-4 -5.977182999998831E-4 -0.0031697204999971973 -0.008038777999999525 -0.01080000309998752 -0.008280593899996802 -0.0065270718999954624 -0.010598208600001158 -0.015651781999991954 -0.011126013300000182 -0.01033766400000502 -0.008408250399995154 -0.013790472799996678 -0.013284266399992362 -0.012757888099983461 -0.01390913569998986
-0.0027959272999993345 8.427270000055387E-5 0.010952070600001917 0.008866122000000587 0.006924592100006066 -0.0029574392000029093 0.0020082158000036543 0.009980832200000123 0.003717360399996039 0.002268340800000601 5.743988999995508E-4 -0.001953754099993432 -0.010762069099996552 -0.008718205499988585 -0.006801342299993962 -0.008466623099991466 -0.016322236699991777 -0.017028710299982208 -0.010485714400005008 -0.009322383500006026 -0.01087481019999359 -0.010100638499991987 -0.015137973200012311 -0.011110490500001902 -0.012376815799981955
-0.001678146999996244 0.0068116208000006395 0.014429758100003909 0.006953647500004934 0.004022784300005355 0.0053963721999963354 0.012110933800002499 0.008936598699996523 0.00574757360000433 0.0054610956000047395 0.0018663552000077743 -0.0026939028000043663 -0.010655790200004844 -0.009248389899994436 -0.00846841780000318 -0.014163656299999161 -0.01737273959999186 -0.014235601799995834 -0.01231040040001119 -0.012421884700003716 -0.01003413619999094 -0.013456957200006059 -0.013104194699991467 -0.011257174400000736 -0.016099827899992647
9.520151000010912E-4 0.005032759900000627 0.004679796099999578 0.005676225999998508 0.007195630799998298 0.010661430800006144 0.012953421700004242 0.012903401500004463 0.010530029100003446 0.006558766100006608 0.0022528295999961756 -0.006290700400001015 -0.004718615599998088 -0.0064123229999921705 -0.011171976899987612 -0.012753662199997962 -0.00789134289999538 -0.007113707000002023 -0.012940705599987723 -0.0093596773999991 -0.013238111000006825 -0.010492277499992042 -0.012337937200001647 -0.018892120700002124 -0.011035872000007885
9.043145999996227E-4 0.0037354020999984527 0.00531434670000408 0.007382417000002306 0.006485612800005924 0.009131180500006053 0.00950025689999734 0.013818557300005807 0.01136870020000913 0.007050955800011138 0.0062310416000030955 0.0019980432000039627 0.0025386226999870587 -0.004842399199986858 -0.009134020800004805 -0.00537276800000086 -0.0029133554999845046 -0.006328823000004036 -0.011374181199983013 -0.010304423799993856 -0.008076677499985863 -0.008664616300009698 -0.01800642239999206 -0.01066418709999084 -0.01080857159999482
-0.0023533814999936453 0.0011760343000020157 0.0037173238999983482 0.0020670412000072247 0.0015946914000011247 0.004047844900000541 0.007128022400003431 0.010670243400006996 0.0037988887000039995 0.0022756948000051125 0.004180627099998446 0.0017040821000051665 -1.3662299991779037E-5 0.0032181287000128123 -0.003330619600006912 4.645450000140272E-4 -1.883094999897139E-4 -0.005146946300001787 -0.009828429499989966 -0.008922590499992111 -0.007837348999998994 -0.006869353899986663 -0.006697016999993366 -0.004227958699971168 -0.004668465999998261
-0.002864983899996787 0.0038206183999989207 0.005108464100004539 -6.610480999995616E-4 0.0010879388000049062 0.0054855434000060654 0.0048144511999979045 0.003806177400008437 -7.388534999961394E-4 -0.0022334878999998864 -9.237761000093769E-4 0.00129841909999584 0.00142736920001596 0.0019590921000087747 0.00319325610000476 0.0048978221000055555 0.004458686099994225 -0.006535773099983544 -0.007231712899994136 -0.007114799700005392 -0.0012331652000057147 -0.0021337295999899197 -0.006839320099999213 -0.007107449999978144 0.0011948890999917694
-2.5043330000329433E-4 0.003411658099999215 0.0034128571000024976 3.0970000000252185E-4 0.00227975119999968 0.006913206200010791 0.004422086000005265 -3.842760999930306E-4 0.0011176499999976386 -0.0021148458999959985 0.00217607519999774 0.0047665426999969895 0.006360505700001795 0.004844501100009779 0.0030027098000005026 0.003250796599999717 0.0032768163000014283 0.006304860800014467 0.00297518329999491 -0.0010673037999993085 0.0037332921999961854 -3.7524190000226554E-4 0.0021232513000200015 0.004600319400026365 0.005277741699984517
0.0026951558000050113 0.00554383900000488 0.0032923668000037765 0.003245864099994833 0.0020686535000038475 0.004280242400000134 0.002544981400006918 0.0016726304999963304 7.132456999983106E-4 0.0010503588000148056 0.0029804243000057795 -5.306244999871979E-4 0.003895737299998814 0.011350669600005858 0.006514248199991357 0.006582639800001289 0.010759545300004447 0.009471472500010236 0.006678362100018376 0.006470761599985053 0.0032510192999950505 0.002832954200016502 0.0077254685000127665 0.004294804700009536 0.0017075760000011542
0.003892953700002977 0.0038083358000022827 0.005283247800001334 0.00468546880000531 0.005905818200005797 0.010997617999990439 0.0055215865000093345 0.0058861525000111214 0.0039249004999959425 0.006207813500012094 0.004630111400004466 0.0018295562999952608 0.008387195500020539 0.011723719900018637 0.010666493399995147 0.015055910300006303 0.01654171909999036 0.011688975000026858 0.011232114800009185 0.00901845410001556 0.012958746400016707 0.009205907299985938 0.010272432800007891 0.010877185000026657 0.007260800400018752
0.0037305291999985 -1.3716850000378145E-4 0.0018024159000020745 0.0030137389999964626 0.005546576200003983 0.011762755700004845 0.008309795200005965 0.01294543210001109 0.015343122400011566 0.0073744933000057244 0.006843340700001477 0.005684560000005945 0.009821585799997479 0.005231679300010228 0.013829724900006113 0.018612828999991393 0.012049786700004006 0.013677939399997285 0.01727692520000801 0.0120724714999767 0.01753585239998756 0.015046857000015734 0.012632574099995963 0.01026977070000612 0.01073843800000418
0.0017307759000004808 -0.0019445542999960708 0.003581791599998496 0.008452554000015766 0.008478933400013489 0.01036193150001452 0.013563291399989907 0.01855502859999092 0.01657228450001469 0.008783041400008074 0.015364333199997304 0.015340352900011567 0.008816802600009055 0.006762736600009589 0.013699553700007527 0.011037652600009551 0.010154038600006743 0.0174593092000066 0.014463250800019978 0.01645683160000999 0.022632651400016357 0.024250710200021786 0.021269570800001247 0.018195535600028734 0.022062761299991962
-4.860750000048597E-4 0.002949067100004754 0.007268393399996853 0.011723805700000867 0.010865670300006514 0.01717433100000676 0.023186437800006843 0.02224747260000015 0.019609434400010173 0.023700057299990362 0.028937419200019576 0.01563058920001481 0.010063518099997282 0.007756121900015955 0.006991911499994785 0.0086748167999815 0.013453234199999997 0.017629782200003774 0.015930517700013525 0.022556669200014312 0.025453194700020276 0.02728674310000656 0.02968978679999168 0.025922734399983938 0.025534003700016683
0.00190787370000578 0.004623261299997239 0.00690610290000393 0.01854837279998378 0.01691750580000928 0.02246533450001209 0.018568005300011237 0.023439566199996875 0.03418855750000205 0.035273875900003304 0.020764909599989778 0.016508374500020295 0.013487065399999665 0.005419212300012077 0.005746425899985752 0.014905682999994951 0.018991640099983442 0.011998155700013058 0.01385570979999784 0.02408373730000335 0.026646980900011386 0.02874919589999081 0.03174307710000335 0.027172645600018086 0.020633886900014886
0.004716112600007705 0.007365991400007488 0.01138297599999305 0.018565153099999065 0.021824623299991686 0.024623718400007988 0.014482707499993808 0.02288280209999982 0.030902338200007762 0.02228584540000611 0.018125901000004774 0.01572827359998996 0.008259283699999287 0.0044704503000048135 0.012117261900016274 0.010727564099994424 0.014435727800020004 0.01530833160001066 0.020103277100020023 0.022117561399994656 0.026641042800036985 0.03411295189999919 0.03344662880002147 0.025229277099981573 0.026517043200016133
0.013757939300006683 0.019146441300009087 0.01777837839999563 0.01879012879999209 0.023620431000011877 0.016592236300013496 0.014729858500018622 0.0235500256000023 0.023249893400006272 0.01696456540000213 0.013569348900006162 0.016140887300025497 0.006765671900012649 0.00774462969999945 0.010457470200009311 0.010081888500025116 0.011651845800003002 0.01718639590001203 0.017980178800030444 0.024674460900001804 0.03385593450002489 0.029378207700005987 0.026922889600001554 0.03016908779997607 0.02563497789998337
0.025291935799998555 0.026353113400006123 0.017806331200006298 0.01754754670000125 0.021237640199998964 0.02025379610000755 0.025451461700001232 0.019346010700004967 0.011556570999999849 0.018957844700011606 0.019389184299996032 0.013606941599988431 0.004521421399999781 0.00656206190001285 0.00834963029998903 0.017571923800005607 0.014188576700007616 0.01766560580003329 0.0148260409000045 0.01879677090002474 0.023686745800006292 0.02292975490001936 0.028259627099998852 0.027595342000012124 0.02373267370001031
0.029876761000011243 0.029670121600005928 0.020710032799996725 0.026828796200007332 0.024057759499996223 0.02543827150000766 0.02224078580000821 0.01506877650000149 0.018979647099996555 0.018603641999987985 0.013003197300008651 0.012637142199992013 0.014001027799992016 0.00783498480001299 0.006535179899998411 0.00728808520000257 0.010721304100002271 0.014113077000018848 0.014643972299978714 0.020957756300020947 0.023182240500005946 0.025758090500005437 0.031004114599994637 0.023503286600004003 0.022666236399999207
0.02978597140000261 0.028797937099994897 0.028174796499996546 0.024635432600021545 0.01937347330000705 0.0224151512000077 0.019665728000006766 0.015026339400023403 0.016251899999986108 0.01169089570001347 0.012114599499994938 0.016222099800017986 0.012814411999983122 0.006833646600028942 0.009772977300002594 0.012551217899982703 0.015598943900016593 0.017254687899992405 0.01906492640000579 0.01609098619999827 0.025449041699999952 0.02876332600001774 0.029733059800037154 0.02849089619999745 0.034272707000013725