0.579 6.81081803335665E-5
0.958 -5.706605358737604E-4
1.3369999999999997 -0.002060262875216769
1.716 -0.004538055603289899
2.095 -0.008335748624815856
2.4739999999999998 -0.012955391009169788
2.853 -0.020298919259905453
3.232 -0.02941362497266243
3.6109999999999998 -0.04028768110413209
3.99 -0.05377647518329488
4.369 -0.07047413121293958
4.747999999999999 -0.08989676805450048
5.127 -0.11503646359836052
5.506 -0.14675257055451346
5.885 -0.17878936005002444
6.264 -0.2163174908783065
6.643 -0.2517054042366062
7.021999999999999 -0.2913315736141039
7.401000000000001 -0.3357317995613521
7.78 -0.3982585091367265
8.158999999999999 -0.43649817626522835
8.537999999999998 -0.49946486875599083
8.916999999999998 -0.5728549571214285
9.295999999999998 -0.6433154883385199
9.674999999999999 -0.7144983321614667
10.053999999999998 -0.7541823595801789
10.432999999999998 -0.8908745739493144
10.812 -0.9429468567733755
11.190999999999999 -1.1081989790325502
11.569999999999999 -1.0814186642866517
11.948999999999998 -1.2010474568774963
12.328 -1.307341939030194
12.706999999999999 -1.4061921765352479
13.085999999999999 -1.4847170230978315
13.465 -1.629396195140436
13.843999999999998 -1.7376887221852733
14.222999999999999 -1.710142651635508
14.602 -1.9739024589232605
14.980999999999998 -2.073463884033863
15.36 -2.224178906700815
15.738999999999997 -2.403887808133851
16.118 -2.396075798413736
16.497 -2.3515645429287964
16.875999999999998 -2.645025901957087
17.255 -2.7652002912636546
17.633999999999997 -2.9827644831186566
18.012999999999998 -3.3648274543046126
18.391999999999996 -3.4232439501431964
18.770999999999997 -3.5501474015269903
19.15 -3.6506431368477013
19.528999999999996 -3.885320688306288
19.907999999999998 -3.8902344120531867
20.287 -4.124621699520311
20.665999999999997 -4.296300453405218
21.044999999999998 -4.381150183979076
21.424 -4.560184239500769
21.802999999999997 -4.859819838427899
22.182 -4.909713867151573
22.561 -5.220324918767172
22.939999999999998 -5.256820895130349
23.319 -5.588827777345276
23.697999999999997 -5.653137946984631
24.076999999999998 -5.801440005898769
24.456 -5.940867735749132
24.835 -6.367371361684223
25.214 -6.341430179665953
25.592999999999996 -6.695366067203929
25.971999999999998 -6.8228059649769
26.351 -6.992945448863041
26.73 -7.292102170880997
27.109 -7.270757426927012
27.487999999999996 -7.7365785400938005
27.866999999999997 -7.748858236979592
28.246 -8.30702831594409
28.625 -8.137451484261222
29.004 -8.45021968067276
29.382999999999996 -8.793021178417742
29.761999999999997 -8.801288092023862
30.141 -8.908743104273528
30.52 -9.182599868667964
30.899 -9.344023036941735
31.277999999999995 -9.498657603824075
31.656999999999996 -9.670475370269896
32.036 -10.03477895456703
32.415000000000006 -10.225285291453186
32.794000000000004 -10.348769071776772
33.173 -10.355083175574585
33.552 -10.88798342951604
33.931000000000004 -11.131964824088545
34.31 -11.55419088287708
34.68900000000001 -11.83888814469732
35.068 -11.869169433377904
35.447 -11.840876263683784
35.826 -12.027665655430642
36.205000000000005 -12.161773182135306
36.583999999999996 -12.584202150056429
36.963 -12.816356696055621
37.342 -13.000389259002876
37.721000000000004 -13.140563061211427
38.1 -13.415597423564792
38.479 -13.565258637212171
38.858 -13.884785901132753
39.237 -14.207366841585564
39.616 -14.089505786502963
39.995000000000005 -14.892891168479558
40.374 -14.764112054536918
40.753 -15.05600399542319
41.132 -15.195720836435871
41.510999999999996 -15.499348960226094
41.89 -15.933702121111287
42.269 -15.897680661049069
42.648 -16.569714127553407
43.027 -16.84973658656767
43.406 -16.844645089608278
43.785000000000004 -16.68643986084679
44.164 -17.118978215500928
44.543000000000006 -17.690533984344736
44.922000000000004 -17.676719120379435
45.300999999999995 -18.27073089323231
45.68 -18.236719958328045
46.059 -18.883595868991797
46.438 -18.730179605279734
46.817 -18.536631551335805
47.196 -19.03173682232863
47.575 -19.603694850180812
47.954 -19.663841298910103
48.333000000000006 -19.468412705823795
48.712 -20.17468847295069
49.090999999999994 -20.171832057796056
49.470000000000006 -20.170387277456676
49.849 -20.79458284478633
50.228 -21.101085126243298
50.607 -21.448208646813548
50.986 -21.812525083491185
51.365 -21.89166109177012
51.744 -22.269258003166236
52.123000000000005 -22.330683620752456
52.502 -22.860093853019933
52.881 -22.80990260459368
53.260000000000005 -22.883535396081456
53.638999999999996 -23.570677979057642
54.01800000000001 -23.595388933372014
54.397 -23.741507118261087
54.775999999999996 -23.94963635546904
55.155 -24.007439660499017
55.534 -24.954415359222565
55.913000000000004 -24.993425906589586
56.292 -24.821341932314933
56.671 -25.146128927479406
57.050000000000004 -25.630833113072182
57.429 -25.833947377227815
57.80800000000001 -26.154267151243644
58.187 -26.37003974449777
58.565999999999995 -26.780975960324874
58.945 -26.44543856624542
59.324 -27.384827654030495
59.703 -27.038317224427082
60.082 -27.390470430048246
60.461 -27.705643075100284
60.84 -27.868872208200024
61.219 -28.52074521295375
61.598000000000006 -28.49340577693083
61.977000000000004 -29.136511456580788
62.355999999999995 -29.02766505984921
62.735 -29.418757692103693
63.114 -29.462547483216145
63.493 -30.00299850473988
63.872 -30.16823152367506
64.25099999999999 -30.018369121259287
64.63000000000001 -30.685095218025566
65.009 -30.662197688076215
65.388 -31.218656118770518
65.767 -31.150078533765296
66.146 -31.59707489986913
66.525 -32.22138670544055
66.904 -32.23133772683265
67.283 -32.35050007183074
67.662 -32.89370788221253
68.041 -33.03490414298525
68.42 -33.05187964232387
68.79899999999999 -33.209266356913304
69.17800000000001 -33.9102784664499
69.557 -33.75376132406966
69.93599999999999 -34.102672317437374
70.315 -34.35894317158045
70.694 -34.89486432825454
71.07300000000001 -35.17931334186438
71.452 -35.03770285031861
71.831 -35.209703577137034
72.21000000000001 -35.64540516037818
72.589 -35.79220013301543
72.96799999999999 -36.299578067691314
73.347 -36.48363277258895
73.726 -36.88246195951435
74.105 -37.19345124434282
74.484 -37.062816777860924
74.863 -37.24764563718044
75.242 -37.65320212318685
75.621 -38.27311017456365
76.0 -38.518512449589956
