0.2 0.02754 0.6995387099999999 0.02874
0.399 0.3835 2.8398549632225927 0.59918
0.598 1.13746 4.742521751434548 2.98976
0.7969999999999999 2.27403 6.729938585725328 9.44613
0.996 3.84861 9.23812828412042 23.97617
1.195 5.98807 12.41131470044292 53.58065
1.394 8.84754 16.16212130096395 109.68578
1.5929999999999997 12.41083 20.074631562954533 204.97107
1.7919999999999998 16.84033 24.783741072393916 363.18385
1.9909999999999999 22.45685 30.183070950744966 623.95825
2.19 29.10614 35.622984153875024 1018.01878
2.389 37.02589 42.765234285560624 1614.99145
2.588 46.02802 49.661936150381386 2451.20156
2.787 56.56208 57.380403335234824 3644.96366
2.9859999999999998 68.11976 63.89161000301021 5209.97182
3.185 81.68463 69.98402655334442 7382.31249
3.384 96.06784 76.13425207540425 10100.87792
3.5829999999999997 112.21534 85.2241975829828 13686.38132
3.782 130.14011 89.24932759143145 18213.02813
3.981 148.71038 93.47309795982093 23596.17252
4.18 169.5352 99.06349104645037 30473.06098
4.379 192.70515 110.04539840297917 39245.46589
4.577999999999999 213.60229 127.12575905106092 48290.25063
4.777 238.80603 127.04437838149182 59927.43825
4.976 267.13822 135.63734523912558 74721.28738
5.175 291.75768 133.21564530393178 88690.14208
5.374 321.86604 153.1150028039735 108019.69
5.5729999999999995 348.93976 147.54009692995444 126341.30498
5.771999999999999 372.43228 142.4362070170764 143451.20558
5.970999999999999 402.05006 155.72211746032852 167196.18664
6.17 440.60913 153.99402479827654 199998.78857
6.369 466.92152 152.86945589456693 224216.72706
6.568 499.39569 146.1189248740039 255699.42455
6.7669999999999995 524.82603 154.88161389877516 282534.74539
6.965999999999999 557.14451 155.4811988004728 317954.75445
7.165 597.66117 177.10054729742663 366290.72477
7.364 637.2311 167.7936285157167 415162.67092
7.563 656.52951 174.67451535988226 441022.19969
7.762 696.45378 154.56018933324935 494359.9095
7.960999999999999 730.93507 141.9328451501762 543261.42843
8.16 751.84184 152.85860644665553 575444.3344
8.358999999999998 798.8397 147.75394024342734 648468.85978
8.557999999999998 811.88775 160.9551913904873 670949.97445
8.756999999999998 859.78136 169.65721827406784 752234.1591
8.955999999999998 885.5109 161.0126488717061 797044.36828
9.154999999999998 922.08256 156.53127413755072 863355.76358
9.354 941.16569 145.44548448576143 898518.94555
9.552999999999999 993.69128 170.02926109522852 1002939.19784
9.751999999999999 1026.62282 164.98825397385247 1069645.04564
9.950999999999999 1063.45912 157.97862656173697 1146588.72282
10.149999999999999 1077.57564 158.58681276993195 1177507.26984
10.348999999999998 1106.28656 147.73506155481394 1239692.644
10.547999999999998 1130.27541 144.351867484848 1293583.13511
10.746999999999998 1181.44647 138.73860487533457 1411839.79411
10.945999999999998 1183.38966 172.66000290885452 1421098.33114
11.145 1234.51061 146.1430004899139 1542169.01809
11.343999999999998 1259.11435 116.89212174070745 1600411.36523
11.543 1284.12337 142.8293975359095 1668003.53957
11.741999999999997 1336.2694 171.82870861981704 1809306.71766
11.940999999999999 1335.81029 148.9054954278641 1805621.19037
12.139999999999999 1373.91384 140.7790050757003 1908387.1932
12.338999999999999 1419.04808 151.72609857850057 2036797.8916
12.537999999999998 1450.33614 138.1880337555966 2125198.27744
12.736999999999998 1437.32066 116.43526132246679 2084780.10822
12.935999999999998 1455.21601 120.88283031509599 2137882.18019
13.135 1506.61623 131.35378011677076 2292554.69903
13.333999999999998 1491.51515 107.49674941525325 2243729.88701
13.533 1534.04431 121.56265175409119 2375555.18303
13.731999999999998 1588.6051 128.47531715691824 2547892.47474
13.931 1583.94659 127.32760790357169 2533597.62039
14.129999999999999 1631.79861 125.12227041523678 2687748.22823
14.328999999999997 1644.50508 95.72938770412657 2724052.1391
14.527999999999999 1673.11581 118.99859407731469 2824432.68823
14.726999999999997 1687.64654 125.97096986124264 2875471.99844
14.925999999999998 1719.44932 117.36709870412838 2982653.649
15.125 1739.46429 103.58541352004393 3049432.79805
15.323999999999998 1787.42523 93.16701733399543 3216766.89545
15.523 1747.74491 108.69222976516268 3080803.13369
15.721999999999998 1804.09146 88.00799438790918 3276499.9251
15.920999999999998 1801.17125 131.51901564378144 3277555.08057
16.12 1812.97723 99.34791326037643 3312702.42889
16.319 1848.07183 105.12307061268773 3443364.78865
16.517999999999997 1894.47208 103.69737836464505 3617317.703
16.717 1885.12474 80.09550984917975 3576078.62348
16.915999999999997 1902.76773 91.98185395005827 3646845.73897
17.115 1952.2484 99.0818739532875 3840297.19736
17.313999999999997 1944.47344 95.19804564949307 3809514.91454
17.512999999999998 1974.28464 83.77507410078931 3923494.088
17.711999999999996 1983.72179 92.95711590071885 3964314.17653
17.910999999999998 1983.26896 78.81118597836007 3958638.70518
18.109999999999996 2035.64291 92.11133653360085 4174052.00551
18.308999999999997 2084.21681 100.57286051171995 4377673.69319
18.508 2079.83276 91.30280933773629 4356979.72754
18.706999999999997 2042.82784 76.49541180431099 4199915.29468
18.906 2118.57511 80.05820317435725 4516976.24755
19.104999999999997 2096.88022 72.76255794829977 4423465.06526
19.304 2164.98678 86.71479812334256 4719481.54288
19.503 2143.94535 79.03010348454725 4626562.10787
19.701999999999998 2180.347 73.56217891997177 4782467.58342
19.901 2160.6488 81.60148485609318 4700721.48878
20.099999999999998 2219.11996 74.49852362465903 4954591.5454
20.299 2225.47237 80.57772542807949 4985929.27313
20.497999999999998 2203.3327 76.12967224108293 4886662.23932
20.697 2198.74862 68.07958234616414 4863658.45932
20.895999999999997 2273.40751 63.31731399790197 5196028.75681
21.095 2257.41439 67.92356484585117 5126145.64831
21.293999999999997 2277.6542 67.13946927127552 5218152.00216
21.492999999999995 2306.98275 70.04717806538254 5354527.63609
21.691999999999997 2292.92502 64.74437554747082 5287970.15124
21.891 2289.84326 60.97394070412991 5272601.83608
22.09 2332.03955 50.60916831611987 5463104.12247
22.288999999999994 2344.5743 72.49443112790247 5533043.84688
22.487999999999996 2362.34831 71.47140463558665 5616833.35209
22.686999999999998 2362.39029 55.586593329902406 5609498.30015
22.886 2398.39252 69.42559763130866 5788649.65556
23.085 2388.92997 55.782107560509765 5736713.64753
23.283999999999995 2407.11285 71.55448621608768 5832985.15495
23.482999999999997 2408.86887 55.952604972375674 5833504.36899
23.682 2435.12485 50.860060901525884 5958357.24537
23.880999999999997 2467.39098 53.34248844734619 6118439.58462
24.08 2461.25187 52.43458880059002 6088164.77513
24.278999999999996 2489.25799 68.41277908764056 6236732.61079
24.477999999999998 2430.5957 47.81624878740246 5936445.63742
24.676999999999996 2460.2327 39.81115771115557 6076988.11498
24.875999999999998 2477.89596 58.07284328965887 6175904.75694
25.075 2519.01726 44.80700749530721 6373620.61418
25.273999999999997 2512.61748 50.59929376212854 6345568.16852
25.472999999999995 2525.05027 61.22970329551792 6415609.21193
25.671999999999997 2519.39302 50.86312972928058 6380862.61544
25.871 2524.63852 48.073831714074565 6405975.88764
26.07 2560.95036 44.08698324061708 6588430.2397
26.268999999999995 2533.28635 41.74037316378816 6446343.10807
26.467999999999996 2523.874 48.95199122003616 6404233.53126
26.666999999999998 2557.01014 47.803767731872476 6572295.4963
26.866 2593.10256 53.69588627046231 6762937.6085
27.064999999999998 2601.24528 46.632774043017086 6800636.17706
27.263999999999996 2604.60284 46.70371054135336 6818672.02228
27.462999999999997 2667.34727 43.150901002979175 7147286.57465
27.662 2670.88823 45.21976416694063 7168245.47865
27.860999999999997 2626.80233 42.31791538969565 6932939.14153
28.06 2616.44526 40.357969054617925 6877562.19438
28.258999999999997 2666.65737 42.104006361687254 7144684.57085
28.457999999999995 2622.78847 39.70855307507951 6911177.63837
28.656999999999996 2647.64287 37.05095417699353 7040439.88685
28.855999999999998 2704.77146 41.02912521200778 7349952.32066
29.055 2669.78054 33.46807576064415 7155981.64788
29.253999999999994 2721.98336 37.725853213346895 7441479.06586
29.452999999999996 2743.45032 40.56542018161304 7561709.31692
29.651999999999997 2703.76976 40.6097837408899 7346076.70618
29.851 2724.76409 38.08693592845285 7458277.93685
30.05 2753.6782 38.23435570196171 7617269.34794
30.248999999999995 2738.47456 42.143009688135336 7537803.85396
30.447999999999997 2816.41394 35.393099556602614 7964999.74108
30.647 2736.16465 32.48927459750192 7517112.17299
30.846 2696.51802 31.71338760187519 7301383.95036
31.044999999999998 2763.39628 35.44500151073789 7670520.6101
31.243999999999996 2790.28502 39.245404956287814 7824001.368
31.442999999999998 2787.72029 38.95582552208333 7809898.56935
31.641999999999996 2736.67211 27.53988252445752 7516947.61319
31.840999999999998 2821.8721 29.762730089255918 7993137.07126
32.04 2805.76986 32.41817971330788 7905623.76572
32.239 2836.01059 29.855070515396307 8073986.02731
32.438 2816.99553 36.39644730386718 7973761.02573
32.637 2792.94465 32.08413842040348 7834715.00061
32.836 2824.52018 29.057018181824784 8009243.60838
33.035 2800.96917 31.07910385464219 7879345.26619
33.234 2849.44151 32.722549810566676 8155458.93447
33.433 2854.58974 31.729173655614026 8184148.35902
33.632 2831.69512 24.722059184318518 8046460.6562
33.831 2909.2458 30.500040865324237 8498619.5367
34.03 2880.9623 34.72678648803228 8340158.8131
34.229 2865.46163 30.110460360175964 8246148.50429
34.428 2900.72861 30.123106719989746 8449931.00121
34.627 2890.29419 31.306159904178894 8391337.50239
34.826 2882.30574 27.442265580234853 8340969.73822
35.025 2927.89574 27.117490443384316 8605839.86266
35.224 2892.30638 33.21037916893124 8406641.31538
35.423 2922.14104 27.856381595249424 8573862.13688
35.622 2911.49992 24.695994257138906 8508169.1952
35.821000000000005 2883.2227 23.163880714083735 8342695.7333
36.019999999999996 2926.08291 28.54634174789896 8598998.37325
36.219 2946.76194 24.373970341893784 8715380.09436
36.418 2909.7141 27.440868280215277 8502830.16398
36.617000000000004 2918.43049 28.4695830507791 8555408.67541
36.816 2915.71118 28.210663238458313 8539608.92186
37.015 2981.26895 25.08565867822495 8922334.66969
37.214 3012.56224 23.24383280880436 9107721.2108
37.413 2958.32493 33.797158141637844 8798993.37445
37.612 2958.01642 26.584672712154585 8787469.48172
37.811 2970.58525 23.968224543511422 8858643.42035
38.01 2943.45698 27.06067832941914 8703035.18144
38.208999999999996 3011.61666 24.671434399936988 9105853.4168
38.408 2997.42013 24.103983785326307 9020085.01709
38.607 3009.25675 33.83762895427234 9106061.18857
38.806000000000004 3023.2763 27.091295073889704 9180996.52008
39.004999999999995 2971.88242 21.277429063559037 8864456.38664
39.204 2991.86894 25.434538828188707 8990371.46056
39.403 3008.76737 23.668517420410865 9089428.74193
39.602000000000004 2996.77219 27.773851484180888 9024201.80119
39.801 3028.59275 21.270112153254743 9206068.44693
40.0 3022.58421 25.05992995542241 9176111.19447
