0.01 0.0 0.0 0.0 0.0 -0.0 0.0
0.09994999999999998 4.486666666666667E-5 4.486666666666667E-5 0.004490955197347439 -2.079776812080499E-6 -1.3943977028255444E-7 -1.9403370417979447E-6
0.18989999999999999 0.005340466666666667 0.0054962 0.15161882035366922 2.6297821981518808E-8 -1.6147333539597268E-5 1.6173631361578787E-5
0.27985 0.032330033333333334 0.0378379 0.4697974663443302 -6.793166278788269E-6 -9.292461007090794E-5 8.613144379211968E-5
0.36979999999999996 0.09317456666666667 0.13192703333333333 0.9012336010476498 -7.622853176708993E-5 -2.4455667686674787E-4 1.6832814509965793E-4
0.45974999999999994 0.19736806666666667 0.34398693333333336 1.4431219633745234 -2.1902097604054044E-4 -4.6832456926684953E-4 2.493035932263091E-4
0.5497 0.3552208666666667 0.7620333333333333 2.1042832836893806 -4.3219122765498716E-4 -7.608165980032117E-4 3.2862537034822456E-4
0.6396499999999999 0.5763901 1.5016084333333333 2.8580638389706103 -7.132651242151575E-4 -0.0011196973131963293 4.0643218898117183E-4
0.7295999999999999 0.8751718333333334 2.7739423 3.772225442376148 -0.001046540222749632 -0.001543417992427172 4.9687776967754E-4
0.81955 1.2605092 4.800180666666667 4.781119454733687 -0.0014454692555459982 -0.0020309205911086224 5.854513355626242E-4
0.9094999999999999 1.7291500333333334 7.855065433333333 5.881483244702976 -0.00194902079589707 -0.002581456194921456 6.32435399024386E-4
0.99945 2.3218512 12.506662866666666 7.12350357079327 -0.0024513197924044645 -0.0031944773320071104 7.431575396026459E-4
1.0894 3.0297266666666665 19.255569133333335 8.490386185686456 -0.0030266498901348245 -0.0038695723111221336 8.429224209873091E-4
1.17935 3.8467670333333333 28.648735033333335 9.958625933104804 -0.0037148518695394555 -0.004606423448110165 8.915715785707099E-4
1.2692999999999999 4.8052695666666665 41.59233736666667 11.483746191348754 -0.004444020101623444 -0.005404779009745191 9.60758908121747E-4
1.3592499999999998 5.9106834 59.3185054 13.197038105193073 -0.005229675657292954 -0.006264432985365124 0.00103475732807217
1.4491999999999998 7.1945600333333335 83.3883929 15.05903741059277 -0.006037205290059176 -0.007185209178798972 0.001148003888739796
1.53915 8.656866166666667 115.3390539 17.052771929796947 -0.006899019663306791 -0.00816694753917938 0.00126792787587259
1.6291 10.2175163 154.7147787 18.959219523636143 -0.007972988474611548 -0.009209491565746266 0.0012365030911347177
1.7190499999999997 12.0612336 207.64240073333335 21.03764765603953 -0.008909650921554615 -0.010312676231317125 0.0014030253097625095
1.8089999999999997 14.020987233333333 272.4441741 23.179994353734585 -0.010040758559324774 -0.01147631626739129 0.0014355577080665156
1.89895 16.274947133333335 357.53088866666667 25.69514675360646 -0.011087936236082193 -0.012700194895057245 0.0016122586589750517
1.9889 18.662951233333334 460.10104536666665 28.261658031651926 -0.012349176471701147 -0.013984053209445905 0.001634876737744758
2.0788499999999996 21.354032333333333 588.1169759333334 30.572415181790557 -0.01354136756331475 -0.015327580464835159 0.0017862129015204092
2.1687999999999996 24.2716202 748.0229500666667 33.7843877286396 -0.014828151663815908 -0.016730405491466493 0.0019022538276505848
2.2587499999999996 27.466393566666667 939.3510797666667 36.25050178191272 -0.016148274823772412 -0.018192089426893387 0.0020438146031209747
2.3486999999999996 30.772183166666668 1163.2905063666667 39.2218793882969 -0.017708069476874335 -0.019712119882020655 0.0020040504051463195
2.4386499999999995 34.26434783333333 1421.1647387 41.553494515414094 -0.019385225119117458 -0.021289906597126634 0.0019046814780091757
2.5285999999999995 38.2862341 1752.5565565666666 44.84344671687585 -0.020768789884357527 -0.02292477858373254 0.002155988699375014
2.6185499999999995 42.64305566666667 2147.752101533333 48.02848382715641 -0.02216938212884077 -0.024615982698344252 0.0024466005695034827
2.7084999999999995 47.2073965 2607.8833465666667 51.710264070103904 -0.023755958448538117 -0.02636268355539901 0.0026067251068608924
2.7984499999999994 51.83299193333333 3110.0204358 54.06001199795477 -0.02563863057375711 -0.02816396465915461 0.0025253340853974987
2.8883999999999994 56.569500166666664 3668.806431966667 56.17958211897288 -0.027665862908455744 -0.030018830616720584 0.00235296770826484
2.9783499999999994 61.1994133 4266.832942166667 58.78594374448235 -0.030062810553550107 -0.0319262102854657 0.0018633997319155958
3.0683 67.35563463333334 5115.8985399 61.51353579915545 -0.031183638610305032 -0.03388496070597431 0.0027013220956692806
3.15825 73.64960523333333 6100.672441366667 67.81344128773486 -0.032655263677642904 -0.035893871674985894 0.0032386079973429904
3.2481999999999998 79.20091986666667 6988.649528533333 67.84922479581554 -0.035183986426523386 -0.03795167081989746 0.002767684393374076
3.3381499999999997 85.1049227 8032.839713033333 70.89423370908064 -0.0375353837647761 -0.04005702904621874 0.002521645281442636
3.4280999999999993 91.70310046666667 9281.437924733333 74.19919710407447 -0.03954775970902333 -0.04220856624082528 0.0026608065318019514
3.5180499999999992 99.09863646666666 10786.721919466667 78.06475545872742 -0.04119125612305979 -0.04440485712621355 0.0032136010031537654
3.607999999999999 105.53575433333333 12182.8564888 80.28022893311086 -0.04395831988261677 -0.04664443717352277 0.0026861172909060024
3.697949999999999 112.88527593333333 13849.582495466666 80.91483644602977 -0.04608733610911677 -0.04892580849452693 0.002838472385410157
3.7878999999999996 120.57953503333333 15744.8220127 84.01046023524171 -0.04811544315739638 -0.05124744564465133 0.0031320024872549465
3.8778499999999996 129.25028733333335 18061.011738533332 90.13167599058464 -0.04974114197149855 -0.05360780128027053 0.0038666593087719817
3.9677999999999995 136.78646096666668 20137.082651566667 90.61215554641488 -0.05255106717480135 -0.056005311623807674 0.0034542444490063273
4.0577499999999995 145.19538563333333 22660.1146001 95.86288920912895 -0.05490810904931754 -0.05843840169953829 0.0035302926502207496
4.1476999999999995 152.99254943333332 25015.7633173 93.53044776663407 -0.057858759213437895 -0.06090549031139596 0.0030467310979580622
4.2376499999999995 162.83867873333332 28306.399426133332 99.67681690869338 -0.0594498584911552 -0.06340499474153291 0.00395513625037771
4.3275999999999994 171.30073286666666 31224.332089266667 100.40467659847033 -0.06231648134271028 -0.06593533515491184 0.003618853812201568
4.417549999999999 181.52161256666668 35011.7672333 105.64683716299317 -0.06415526375629133 -0.06849493870087998 0.004339674944588659
4.507499999999999 191.4160572 38821.57508426667 107.36862757660573 -0.06648960100169958 -0.071082243307521 0.004592642305821418
4.597449999999999 199.2282186 41971.0408688 107.83018796382096 -0.07032686855564328 -0.07369570116869796 0.0033688326130546786
4.687399999999999 208.33170626666666 45804.01765326667 109.31861287332401 -0.0733504206111678 -0.07633378192714359 0.002983361315975791
4.777349999999999 219.8939278 50903.8164676 111.74993752042145 -0.07490756207945028 -0.07899497555976304 0.00408741348031276
4.867299999999999 229.71435933333333 55432.440643 112.43922545295649 -0.07772112461222333 -0.08167779497364376 0.003956670361420431
4.957249999999999 241.1415055 60960.24157976667 114.38831430121023 -0.079623156214949 -0.08438077832303387 0.0047576221080848635
5.047199999999999 250.04050293333333 65554.108138 119.09507325996032 -0.08329951468173445 -0.08710249105898603 0.0038029763772515768
5.137149999999999 259.45996403333334 70508.83463516667 120.85351343669267 -0.08682285617934879 -0.08984152772436556 0.0030186715450167684
5.227099999999999 272.99344886666665 77827.54591393334 120.85694196544786 -0.08795590330476845 -0.09259651350766147 0.004640610202893025
5.317049999999999 280.07599323333335 81800.82155123333 118.7880551231097 -0.09285231814209424 -0.09536610556947107 0.002513787427376832
5.406999999999999 291.15064606666664 88159.55956366667 115.9837723674027 -0.09528848781048319 -0.09814899415576339 0.002860506345280206
5.496949999999999 307.3775672 98320.01354786666 127.0514421177908 -0.09505661146081103 -0.10094390351206788 0.005887292051256848
5.586899999999999 314.78124613333335 103137.50147413333 129.76035484590665 -0.10014861604950974 -0.10374959261257699 0.0036009765630672513
5.676849999999999 327.52887976666665 111167.46817363333 120.77904468764838 -0.10212614955423674 -0.10656485571795067 0.004438706163713932
5.766799999999999 338.9871197666667 118916.94283216666 120.41970180178417 -0.10460381524383092 -0.1093885227752057 0.004784707531374777
5.856749999999999 351.0738927666667 127558.6016195 125.52573082915261 -0.10687538380865409 -0.11221945967267284 0.005344075864018749
5.946699999999999 360.2968726 134225.78975793332 124.76100158117359 -0.11075573289486716 -0.11505656836247363 0.00430083546760647
6.03665 370.0196618 141577.58544006667 127.96073089719061 -0.11440810096822117 -0.11789878686245607 0.0034906858942349017
6.1266 387.0602114 154853.91852493334 134.2288725402529 -0.11456597497223285 -0.12074508914892053 0.006179114176687678
6.21655 399.5392068 164756.96478686668 132.62573456622252 -0.117175949281142 -0.12359448495088278 0.00641853566974078
6.3065 405.80895196666665 169697.93589216666 126.14496833838413 -0.12266014824434453 -0.12644601945602632 0.0037858712116817933
6.39645 419.1473837666667 181057.38098823334 131.3187778347635 -0.12463041766929762 -0.12929877293784403 0.004668355268546406
6.4864 430.70366486666666 191253.7489258 136.62085904632912 -0.12769547259086644 -0.1321518603129184 0.004456387722051952
6.57635 441.9361669333333 200933.15281466665 130.07602271035583 -0.13088363322527952 -0.1350044306366407 0.004120797411361177
6.6663 454.22694536666665 212332.80379023333 135.2553102697452 -0.13354271449763724 -0.13785566654512896 0.004312952047491714
6.756249999999999 471.72297613333336 228655.850192 134.36360608107935 -0.1339160113719037 -0.1407047836505188 0.006788772278615102
6.846199999999999 483.86582443333333 240260.0529373 130.8695841770174 -0.136678327758549 -0.14355102989625798 0.006872702137708991
6.936149999999999 487.0907074333333 243698.87141796667 133.89088495407515 -0.143397561701941 -0.14639368487853874 0.002996123176597726
7.026099999999999 504.8321635 261401.81662943334 132.60731184019028 -0.1436712394799883 -0.1492320591394715 0.005560819659483185
7.116049999999999 516.9543741666666 273833.2454337667 130.16704149838375 -0.1463703641013315 -0.15206549343716688 0.0056951293358353805
7.205999999999999 528.9763276666666 286580.4388563333 130.2705162476519 -0.14906463195881914 -0.1548933579974197 0.0058287260386005735
7.295949999999999 539.5135439666667 298329.7121207667 136.29019705660116 -0.15249834693879927 -0.15771505175129164 0.005216704812492368
7.385899999999999 557.6408981333333 318460.67035073333 137.4352033331176 -0.1528736843253782 -0.1605300015624761 0.007656317237097893
7.475849999999999 572.5603066666666 335281.4285772667 133.4110963258714 -0.1545743189602259 -0.16333766144796888 0.008763342487742992
7.565799999999999 571.8441021333333 334491.0206762 130.76816311917267 -0.16255146518220476 -0.16613751179522604 0.003586046613021282
7.655749999999999 595.3613523 362569.3925097 138.44365055772104 -0.16071871441486127 -0.16892905857865512 0.008210344163793848
7.745699999999999 601.3911900666667 370220.6957538 142.49868331222385 -0.16616366598604065 -0.1717118325780011 0.005548166591960446
7.835649999999999 614.9731445 386235.5352923 131.00824147512157 -0.16843769057192617 -0.17448538860089977 0.0060476980289735915
7.925599999999999 628.3462299333333 402697.8167164 125.4288795178452 -0.17049871472229705 -0.17724930471162384 0.0067505899893267884
8.01555 639.4937892333334 417302.8621481 129.97167655453 -0.17340247522519903 -0.18000318146780514 0.006600706242606114
8.1055 646.6009675 426605.49711563333 129.5707555230114 -0.17790096012391673 -0.1827466411666935 0.004845681042776773
8.19545 657.7064770666667 441177.3233506 128.03487041258944 -0.1808116189029238 -0.1854793271023226 0.004667708199398796
8.2854 671.8332313 460561.32523676666 134.0381983442556 -0.18265530487898562 -0.18820090283476448 0.005545597955778858
8.37535 687.2657574333333 481842.5225149 135.54921275112912 -0.18415023670599434 -0.19091105147247867 0.006760814766484324
8.4653 694.5109751666666 491340.4437725667 125.52031057536432 -0.18850828657058982 -0.1936094749686296 0.005101188398039774
8.55525 700.3645889666667 499791.34775303333 126.80008620661114 -0.19317981070137674 -0.19629589343206877 0.003116082730692027
8.645199999999999 716.207807 522752.0931715333 131.10166093254878 -0.1943197406258239 -0.19897004445360109 0.004650303827777175
8.735149999999999 729.8886948666667 542615.6082557334 129.45914787220408 -0.19628582773289568 -0.20163168244799298 0.005345854715097298
8.825099999999999 736.7387849666667 552673.6471296333 126.98133498732166 -0.20057888038201166 -0.20428057801209787 0.0037016976300862092
8.915049999999999 755.0272473666666 579664.4594527 120.76676711774478 -0.20073183254746274 -0.2069165172993884 0.0061846847519256565
9.004999999999999 765.9704276666666 596517.437999 120.93647694822816 -0.20334484597128732 -0.20953930141107335 0.0061944554397860285
9.094949999999999 780.5479594333333 618885.9388082334 116.42941542112092 -0.20464441529365537 -0.2121487458039344 0.007504330510279017
9.184899999999999 784.6749966 626548.2445659334 128.41497890551932 -0.20957739999737174 -0.21474467971491876 0.005167279717547019
9.274849999999999 804.7178254 658141.060745 122.87762085669706 -0.20925197758195035 -0.2173269456024816 0.008074968020531259
9.364799999999999 803.1002428 655638.2994915333 121.64609896084431 -0.216007734633565 -0.21989539860462506 0.0038876639710600513
9.454749999999999 819.8862193333333 682615.8091411333 116.36792846893336 -0.21656709888509593 -0.2224499060135044 0.005882807128408468
9.544699999999999 831.376123 702376.0752913334 122.82829807504747 -0.21887801927256467 -0.2249903467664616 0.006112327493896924
9.634649999999999 843.8220989333333 722790.5166296 115.85898667300039 -0.22086586241465456 -0.2275166109532943 0.006650748538639756
9.724599999999999 849.2980068 733351.8458953333 127.36614142472877 -0.2251245078026032 -0.23002859933953565 0.004904091536932442
9.814549999999999 860.5266351666667 751870.0920629667 117.97514685223277 -0.22755927358751515 -0.2325262229054982 0.004966949317983055
9.904499999999999 874.4256131333333 776728.35121 123.42820481505962 -0.229093511321672 -0.23500940240081208 0.00591589107914009
9.994449999999999 887.213792 798411.3622825333 112.7556196814365 -0.2309026212522688 -0.23747806791416398 0.00657544666189519
10.084399999999999 905.7638064 832309.444108 117.02990989698225 -0.23085679881161877 -0.23993215845792437 0.009075359646305597
10.174349999999999 908.2958271 836906.6777878334 115.0083802287368 -0.23573008988687524 -0.24237162156734962 0.006641531680474377
10.264299999999999 914.6141409 849364.5235552334 121.92485062334626 -0.23947285703307902 -0.24479641291401652 0.005323555880937497
10.354249999999999 926.6693699666666 871088.1367255667 115.39929663354225 -0.24147458121522114 -0.24720649593315389 0.005731914717932746
10.444199999999999 943.7547176333334 904176.7978211 123.79600424041257 -0.24200689489814015 -0.24960184146451872 0.007594946566378574
10.534149999999999 951.4274943333334 917727.1100984 112.76041261999336 -0.24528171184070838 -0.2519824274064675 0.006700715565759102
10.624099999999999 957.7324711333333 930718.3543258 119.31149994459614 -0.24886565115019835 -0.2543482383828599 0.005482587232661568
10.71405 971.1727748 956366.0128394667 114.89985767324184 -0.2503877982262244 -0.25669926542244936 0.00631146719622494
10.803999999999998 982.2836926666666 977996.957598 112.36278101040574 -0.2524864013777753 -0.2590355056503876 0.006549104272612294
10.89395 994.0237262666667 1001977.1446774667 117.07274417533701 -0.2544236168220239 -0.26135696199150377 0.006933345169479854
10.983899999999998 1000.8441829 1015484.1700827 114.34349143488629 -0.257760935201236 -0.2636636428849866 0.005902707683750619
11.07385 1009.4499136 1032768.0753520667 112.36182011941003 -0.26051148096182597 -0.26595556201013365 0.005444081048307681
11.163799999999998 1017.5990186666667 1049630.6139699332 113.31784002278046 -0.26335414597389845 -0.2682327380228161 0.004878592048917663
11.25375 1019.4815018 1053103.0748872 108.65282579523677 -0.26784729121316153 -0.2704951943023088 0.002647903089147252
11.343699999999998 1037.4018645333333 1089321.266845 101.94813688989557 -0.26778881246290953 -0.2727429587081614 0.004954146245251867
11.43365 1050.3757507 1116957.8407419666 104.55744940208669 -0.26903691603089097 -0.27497606334677227 0.005939147315881299
11.523599999999998 1064.4667571333334 1148758.6542111333 117.99669447243524 -0.27017827074417133 -0.2771945443473381 0.007016273603166756
11.613549999999998 1055.4227461666667 1127778.3827209666 102.77113252616458 -0.2774512612492438 -0.2793984416468686 0.0019471803976248148
11.703499999999998 1077.2197854333333 1174599.9292511 103.65236849544912 -0.27632917728359807 -0.2815877987839468 0.005258621500348726
11.793449999999998 1084.9050541333334 1191500.4644952 104.11935013870308 -0.2789519914731801 -0.28376266270093725 0.004810671227757135
11.883399999999998 1097.851696 1219440.6702277334 100.28895092695419 -0.2801482400506694 -0.2859230835543381 0.005774843503668692
11.973349999999998 1099.9541442 1224600.5471684667 102.54822805777236 -0.28412149868603265 -0.28806911453299483 0.0039476158469621825
12.0633 1107.5840201333333 1241887.1937018 104.07159360178034 -0.2866823866774356 -0.2902008116838862 0.003518425006450554
12.153249999999998 1116.9021852 1261879.9878320666 97.55823695784042 -0.28873783257372715 -0.29231823374521687 0.003580401171489722
12.2432 1136.7627931666666 1306931.9824333666 98.08360315324897 -0.2880544425170552 -0.2944214419865385 0.006366999469483325
12.333149999999998 1146.2662904333333 1328953.5371231 98.7934095804452 -0.2900030686612874 -0.2965105000556499 0.006507431394362495
12.4231 1148.6577664666668 1334351.4858414666 96.78280955425726 -0.2936921658385381 -0.29858547383202194 0.004893307993483864
12.513049999999998 1147.9857719 1332378.6678223 92.65338490581017 -0.2980318177097922 -0.30064643128649815 0.0026146135767059486
12.603 1169.9117057666667 1385207.8830143667 103.97217493273142 -0.29686884564231747 -0.3026934423470417 0.005824596704724239
12.692949999999998 1173.8813233333333 1393876.0918966667 98.55771875492229 -0.30016910679553876 -0.30472657877029846 0.004557471974759697
12.7829 1188.2585505 1427112.4219575666 92.74054017218084 -0.3008040757697231 -0.3067459140187444 0.005941838249021281
12.872849999999998 1190.972535 1434329.2211066 96.03292697916783 -0.3042136836139091 -0.3087515231432191 0.004537839529309973
12.9628 1197.0568597333333 1449620.2876376666 99.23672565884009 -0.30685709638801334 -0.3107434826706253 0.0038863862826119533
13.052749999999998 1216.9445919333334 1496968.6858367333 93.99626375577597 -0.30619336481298615 -0.31272187049659667 0.006528505683610519
13.1427 1220.8368596 1506072.872365 90.4891080611359 -0.30921701818445924 -0.3146867657829426 0.005469747598483343
13.232649999999998 1236.2970116 1544080.0280118666 89.37439561304618 -0.30946632268292373 -0.31663824885968234 0.007171926176758603
13.3226 1246.0662244333334 1568574.3248141666 89.54385900234584 -0.3110336170968386 -0.3185764011314831 0.007542784034644534
13.412549999999998 1240.6670973 1556164.9057417666 93.99882517848272 -0.31613050773790236 -0.32050130498833274 0.0043707972504303805
13.502499999999998 1258.6863724666666 1602026.7775868666 97.2775117341234 -0.3158985530717878 -0.3224130437202788 0.006514490648490967
13.59245 1259.5735366 1603049.9917613333 89.44020328792223 -0.3195268642823671 -0.3243117014360656 0.004784837153698485
13.682399999999998 1274.2111185333333 1641304.6977017333 94.49765242729336 -0.31998975488557246 -0.32619736298552043 0.00620760809994797
13.77235 1281.1158723 1657820.1809936333 87.31816826754155 -0.3221708743023828 -0.3280701138855354 0.005899239583152638
13.862299999999998 1277.9854585 1650300.5489792333 88.7459332897569 -0.3265122309628142 -0.3299300402494937 0.0034178092866795073
13.95225 1291.3502084666666 1684188.3026826 85.2896919798241 -0.3271401224144365 -0.3317772287200159 0.004637106305579397
14.042199999999998 1294.3124189666667 1692679.5318237667 88.41969266451406 -0.3300541363032385 -0.3336117664048669 0.003557630101628406
14.13215 1302.2582994666666 1712138.303696 81.42306930308817 -0.33181605887149956 -0.3354337408159241 0.0036176819444245223
14.222099999999998 1308.7712466666667 1730640.8994982666 87.79793206396057 -0.33387080803360447 -0.33724323981105275 0.0033724317774482815
14.31205 1303.1500321 1716237.5717997667 88.05909845973883 -0.33859131666382647 -0.3390403515387909 4.4903487496444905E-4
14.401999999999997 1334.6223502 1798459.0727334 83.128214517551 -0.33526950115501297 -0.3408251643857157 0.005555663230702723
14.49195 1335.4458904666667 1801070.3995954 84.06322160603486 -0.33848827896291733 -0.3425977669263812 0.004109487963463887
14.581899999999997 1344.1706464 1823778.1380268 79.87239338413909 -0.3399741307646067 -0.3443582478757289 0.004384117111122188
14.67185 1360.2846138666666 1869411.9927572 88.4394712582478 -0.3399379013046831 -0.3461066960438567 0.006168794739173589
14.761799999999997 1347.0476968333332 1832022.3280102334 80.23849823660382 -0.3460525132322704 -0.3478432002930567 0.0017906870607863334
14.85175 1369.1274922 1892108.464812 79.78427544619431 -0.34468244007457116 -0.34956784949702213 0.00488540942245097
14.941699999999999 1375.7815686666668 1909821.06725 76.3529975303404 -0.34648838594617176 -0.35128073250213315 0.004792346555961391
15.031649999999999 1378.0969180666666 1916723.3303996667 77.77019604233138 -0.34915361711653886 -0.35298193809073486 0.003828320974195998
15.121599999999999 1390.2309973666668 1951211.9095146332 80.77258111551053 -0.34983201818228093 -0.35467155494632124 0.004839536764040309
15.211549999999999 1401.2238306 1980694.4399739334 74.6191408651128 -0.350714164470455 -0.3563496716205487 0.005635507150093699
15.301499999999999 1411.8482473666666 2013825.8742279 87.60040830334435 -0.3517299218478858 -0.35801637650199325 0.006286454654107432
15.391449999999997 1401.9267859 1983497.6143895 76.39996182541225 -0.3568791429362154 -0.3596717577865856 0.0027926148503701897
15.481399999999999 1410.8351621 2008291.9090680333 74.41805684164095 -0.3581050179982229 -0.36131590344964604 0.0032108854514231178
15.571349999999997 1431.8908651333334 2068549.1488477334 75.21726109786934 -0.3569062520192769 -0.36294890121945556 0.0060426492001786625
15.661299999999999 1430.5550652 2065143.6791102 76.06068419700662 -0.36015624456016154 -0.3645708385522922 0.004414593992130678
15.751249999999997 1448.7583944333333 2115381.8350353665 66.42815371920514 -0.359471146394144 -0.36618180260887123 0.0067106562147272175
15.841199999999999 1442.8082850666667 2099949.3629212 72.73990727637785 -0.3634774975683866 -0.36778188023213026 0.004304382663743667
15.931149999999997 1449.8981762333333 2119890.0710984333 69.68180583622524 -0.36494774412370323 -0.3693711579262967 0.004423413802593479
16.0211 1459.9655265 2151348.2726629 77.33080432402708 -0.36587431559430345 -0.37094972183718955 0.005075406242886105
16.11105 1455.1009075666666 2136381.849878033 73.44260674844126 -0.3696908406035775 -0.3725176577336864 0.002826817130108905
16.201 1473.9408978 2189787.6524456 65.85790419210622 -0.3688583142722969 -0.3740750509903239 0.005216736718026971
16.29095 1476.9220393 2200002.014763367 70.47344876711173 -0.3710206270481403 -0.375621986570966 0.004601359522825699
16.3809 1483.1880522 2219132.3164034667 71.8713487426029 -0.3725976070147672 -0.3771585490135027 0.004560941998735524
16.47085 1497.5864418 2261828.0845228 70.26802010371416 -0.37263842417537674 -0.37868482241552226 0.006046398240145523
16.5608 1481.3692434333334 2214573.5354129667 73.35627847141221 -0.37840344673496656 -0.38020089042093236 0.0017974436859657938
16.65075 1507.2666544666668 2292194.9720625333 73.37200944435467 -0.37633215290726185 -0.3817068362074663 0.005374683300204464
16.7407 1504.9027184333333 2284110.9274936332 69.14777475332568 -0.3794654304982989 -0.3832027424750469 0.003737311976747981
16.83065 1507.8337573333333 2292846.9929804667 68.07745319098453 -0.3815569191125468 -0.38468869143497303 0.0031317723224262295
16.9206 1518.1437894333333 2324393.0269671 68.57143501401663 -0.38228149094690944 -0.3861647647998783 0.0038832738529688826
17.01055 1523.1602285333333 2340082.9463413334 69.34596000479205 -0.3839751579850672 -0.3876310437744346 0.0036558857893673746
17.1005 1529.9320774666667 2360042.3591262666 66.17101304309016 -0.38532076530157133 -0.3890876090467745 0.003766843745203141
17.19045 1528.1768466333333 2354323.9412433 64.29347784856344 -0.3881483051517383 -0.3905345407805822 0.00238623562884388
17.2804 1525.9568787333333 2346639.271888533 60.59656862962451 -0.39099027272089315 -0.3919719186078325 9.816458869393307E-4
17.37035 1537.5938059666667 2383498.3028145665 63.97657131085282 -0.39134321461511107 -0.39339982162215187 0.0020566070070408005
17.4603 1554.0254714333332 2435227.1721561 66.36445750154172 -0.39089590196070767 -0.3948183283727643 0.0039224264120566454
17.550250000000002 1558.7372494666668 2450282.4025328 66.94751565086825 -0.39254308014124495 -0.3962275168589964 0.003684436717751427
17.6402 1560.3813536666667 2452820.0183663336 57.941523394341814 -0.394649639250324 -0.3976274645253195 0.002977825274995516
17.730150000000002 1566.3319978333334 2472346.8861780334 60.28459761733061 -0.3959378726089407 -0.39901824825690024 0.0030803756479595434
17.8201 1569.9464134333334 2482381.6174559 55.58036505073269 -0.3976042082269645 -0.4003999443756349 0.0027957361486704024
17.910050000000002 1587.4622255 2541515.2576269 66.96058713727528 -0.39691407597826656 -0.4017726286366498 0.004858552658383253
