0.01 0.0 0.0 0.0 0.0 -0.0 0.0
0.06996666666666666 0.0 0.0 0.0 0.0 -1.723992996278844E-8 1.723992996278844E-8
0.12993333333333332 4.309E-4 4.313E-4 0.02553590734266379 -2.610190271091473E-5 -1.2640089752250412E-5 -1.3461812958664317E-5
0.1899 0.0052609 0.0054357 0.14996454527049377 -1.0342824657693141E-5 -1.4532600185636314E-4 1.3498317719867E-4
0.24986666666666665 0.0198599 0.0219867 0.3458453532882248 -1.2188675327312311E-4 -5.314615854655667E-4 4.0957483219244354E-4
0.3098333333333333 0.0480612 0.0596098 0.5968947304505452 -4.728917954100525E-4 -0.0012168754773452099 7.439836819351574E-4
0.3698 0.092529 0.1309008 0.8946059170963738 -0.0011300985214320039 -0.0022010095161471488 0.001070910994715145
0.42976666666666663 0.1564965 0.2538827 1.241972419333322 -0.0020630659778146003 -0.0034735768792789512 0.0014105109014643509
0.4897333333333333 0.2445449 0.4574583 1.658014445741612 -0.0032075513109726074 -0.005024825496823042 0.0018172741858504347
0.5497 0.3555003 0.7614049 2.1015463069157843 -0.00479166027246692 -0.006846999366054906 0.002055339093587986
0.6096666666666666 0.4911473 1.1933255 2.5615190257815184 -0.006743467921575294 -0.008933893590091063 0.002190425668515769
0.6696333333333333 0.6655345 1.8440077 3.12454065539757 -0.008585076907077596 -0.011280141598990346 0.00269506469191275
0.7296 0.8682867 2.7271431 3.7068596726485064 -0.010940069032810215 -0.013880566018849544 0.002940496986039329
0.7895666666666666 1.1156105 3.9699689 4.371694351517446 -0.013281592746967495 -0.016729660586489378 0.0034480678395218834
0.8495333333333333 1.390933 5.5446066 5.001908762848838 -0.016257947688413453 -0.019821216399904015 0.0035632687114905623
0.9094999999999999 1.7072285 7.5494405 5.60307782736529 -0.019335549765500684 -0.023148087439733612 0.0038125376742329277
0.9694666666666666 2.0705501 10.2282087 6.32114939733298 -0.02242550912612838 -0.02670207937733912 0.00427657025121074
1.0294333333333332 2.4640625 13.4747465 6.985856419943932 -0.026066581938980073 -0.030473939410426514 0.0044073574714464415
1.0894 2.8982121 17.4759831 7.647799252274924 -0.029887503672514536 -0.03445342277916995 0.004565919106655412
1.1493666666666664 3.4142924 22.7429576 8.391520067247585 -0.03293930093528149 -0.038629412666926766 0.005690111731645277
1.2093333333333331 3.8913133 28.2717573 8.977472691207613 -0.038090069201799054 -0.042990073113860314 0.00490000391206126
1.2692999999999999 4.4686258 35.4304788 9.596950173276005 -0.04192541696797512 -0.04752301830867516 0.005597601340700045
1.3292666666666666 5.0774773 43.8085021 10.2027378720418 -0.04608315313664892 -0.05221548545186554 0.006132332315216614
1.3892333333333333 5.6977744 53.2897218 10.790373286386519 -0.050913828369602655 -0.05705450188790056 0.006140673518297904
1.4492 6.3422335 63.7013505 11.178764475934672 -0.055976257094852135 -0.06202704018979236 0.006050783094940226
1.5091666666666665 7.0317615 76.1890141 11.741979211722448 -0.060841715348338626 -0.0671201572940993 0.006278441945760674
1.5691333333333333 7.7442567 90.1885209 12.271652035729973 -0.06600092422666815 -0.07232111565373983 0.006320191427071686
1.6290999999999998 8.5603979 107.3750415 12.846667548821227 -0.07005436424884397 -0.0776174857648576 0.007563121516013627
1.6890666666666665 9.2793767 123.4826811 13.100790018848365 -0.07629429852850593 -0.08299723041137147 0.00670293188286554
1.749033333333333 10.0810953 142.7098943 13.429170502433983 -0.08151717064771027 -0.08844877163562333 0.006931600987913053
1.8089999999999997 10.8269716 161.8350106 13.63237756698769 -0.08792466153273237 -0.09396104185759722 0.006036380324864851
1.8689666666666664 11.7470864 187.1309162 14.06709569224785 -0.0920214615682099 -0.0995235207901597 0.007502059221949811
1.9289333333333332 12.5781086 210.8670344 14.152453142723923 -0.09776486225117657 -0.10512625988470918 0.007361397633532607
1.9889 13.5095101 240.2583821 14.599484314777932 -0.10235507497841759 -0.1107598960312594 0.008404821052841807
2.048866666666666 14.3279361 267.6369075 14.852147177817605 -0.1088521962444936 -0.11641565616119509 0.007563459916701487
2.108833333333333 15.1666511 295.5051631 14.7234621825085 -0.1151116985858485 -0.12208535428398076 0.0069736556981322695
2.1687999999999996 16.1723784 332.0776548 14.994989062725459 -0.11926859171911507 -0.12776138234897158 0.008492790629856514
2.2287666666666666 16.9466944 360.8151372 14.821571334863192 -0.1264384637304033 -0.13343669617326473 0.006998232442861435
2.2887333333333326 17.7844786 394.2639942 14.885804763078683 -0.13272006954273635 -0.13910479752535265 0.006384727982616301
2.3486999999999996 18.6839795 431.6125285 14.959314563027307 -0.13828128357907757 -0.14475971330841111 0.006478429729333546
2.408666666666666 19.4653986 463.4428896 14.571851288468151 -0.14509059086849263 -0.15039597265024024 0.005305381781747609
2.468633333333333 20.5923723 515.1801001 14.95438989291404 -0.14792905612438048 -0.15600858258151665 0.008079526457136166
2.5285999999999995 21.3930289 552.0326553 14.75972108905096 -0.1545222271059647 -0.16159300287109307 0.007070775765128379
2.5885666666666665 22.1697384 590.1270364 14.719367903828465 -0.161222373083227 -0.16714512048690472 0.005922747403677708
2.648533333333333 23.0439154 634.3673236 14.732613237411226 -0.16680704088887713 -0.17266122406323883 0.0058541831743617045
2.7084999999999995 23.9827846 682.000542 14.562021391234527 -0.1716423834506464 -0.17813797867903192 0.006495595228385526
2.7684666666666664 24.8371611 728.3786311 14.546989693532794 -0.17725871481650776 -0.18357240118653173 0.006313686370023969
2.828433333333333 25.7535203 776.9302535 14.210743320049097 -0.182115399157104 -0.18896183627415775 0.006846437117053739
2.8884 26.6678381 829.7272543 14.21020401585286 -0.18687144439665662 -0.19430393340058527 0.0074324890039286495
2.948366666666666 27.6347217 889.8013185 14.50884841057348 -0.19119111236222303 -0.19959662469802752 0.0084055123358045
3.008333333333333 28.3334235 929.8737601 14.043082613875972 -0.19793541822757257 -0.2048381039103423 0.006902685682769721
3.0682999999999994 29.110484 981.0308378 14.192050280804011 -0.20377664427687084 -0.21002680640511456 0.006250162128243725
3.1282666666666663 29.7885518 1019.0354726 13.45564582261556 -0.21026905217652025 -0.21516139027737846 0.004892338100858207
3.188233333333333 30.7934714 1085.5827978 13.511774695821915 -0.21363155122558633 -0.22024071854545169 0.0066091673198653555
3.2481999999999993 31.4519965 1130.4826115 13.388035436815507 -0.21994744958125506 -0.22526384242577047 0.005316392844515405
3.3081666666666663 32.6512313 1209.6041083 13.11235742034439 -0.22152149253474035 -0.23022998566308875 0.008708493128348399
3.3681333333333328 33.3383268 1261.8859478 13.261428225719676 -0.22735172292284014 -0.23513852988440462 0.007786806961564474
3.4280999999999993 34.1541905 1322.4112911 13.26619232203257 -0.23208781774461382 -0.23998900093910353 0.007901183194489708
3.4880666666666658 34.6352171 1354.6079381 12.740581507129125 -0.2393174174494185 -0.24478105618367063 0.005463638734252124
3.5480333333333327 35.4126243 1411.5074667 12.50768557770691 -0.24391103780065077 -0.2495144726665817 0.0056034348659309285
3.607999999999999 36.1423443 1468.9230039 12.494864854420706 -0.24876215365088097 -0.25418913616742744 0.005426982516546469
3.667966666666666 37.1518429 1544.4701141 12.205361516048363 -0.25136375955756635 -0.25880503104366265 0.007441271486096301
3.7279333333333327 37.4565929 1570.4192023 12.04698744264054 -0.2591245960872094 -0.2633622308384451 0.00423763475123573
3.7878999999999996 38.4819418 1652.8040432 11.983688641065878 -0.2613936165586045 -0.26786088960368254 0.006467273045078048
3.847866666666666 39.0406164 1698.8442922 11.79749050837884 -0.26699074866142425 -0.2723012338934878 0.0053104852320635665
3.9078333333333326 39.8893677 1767.6163125 11.55476344081785 -0.270343316209247 -0.27668355538464273 0.006340239175395723
3.9677999999999995 40.7725504 1841.2190126 11.358266196687714 -0.27333786398899673 -0.2810082040823435 0.0076703400933467725
4.0277666666666665 41.1646705 1877.6226467 11.286052466460557 -0.27964691648060425 -0.2852755820712879 0.005628665590683646
4.0877333333333326 42.0201672 1954.1552764 11.278620261404832 -0.2826753348480815 -0.2894861377740981 0.006810802926016601
4.1476999999999995 42.6173084 2004.5904708 10.948726887316207 -0.2873467681271513 -0.29364036068104576 0.006293592553894445
4.207666666666666 43.2819067 2062.1104487 10.663246105520937 -0.2913827888383064 -0.2977387765170295 0.006355987678723141
4.267633333333333 44.2144159 2149.6731379 10.693561406035208 -0.29357239405867047 -0.3017819428137574 0.008209548755086948
4.3275999999999994 44.2391938 2150.7712236 10.340863756005477 -0.301525000066484 -0.30577044485701166 0.004245444790527686
4.387566666666666 45.1202873 2235.0450335 10.347898028054786 -0.3038290512959393 -0.3097048919807958 0.005875840684856526
4.447533333333333 46.0929391 2323.4714969 10.055960747230278 -0.305499948964327 -0.31358591418197757 0.008085965217650593
4.507499999999999 46.4202468 2358.1324942 10.005789019390063 -0.3110915377723533 -0.31741415903081166 0.0063226212584583386
4.5674666666666655 46.8486549 2402.9861869 9.979493737845754 -0.3159567455387572 -0.3211902888544129 0.005233543315655731
4.627433333333332 47.7705155 2493.5182371 9.876930395451584 -0.31775848086971825 -0.3249149781718295 0.007156497302111264
4.687399999999999 48.1806503 2529.8954265 9.490398336461766 -0.322506631409701 -0.32858891136089813 0.006082279951197145
4.747366666666665 48.5272658 2565.6517938 9.35136367324236 -0.32745832914523076 -0.332212780538477 0.004754451393246262
4.807333333333332 49.2671479 2641.8109333 9.28407002141338 -0.3300201106483932 -0.3357872836370036 0.005767172988610403
4.867299999999999 49.8257984 2699.590373 9.158911201753982 -0.33356051951015586 -0.3393131226615708 0.005752603151414959
4.927266666666666 50.1556818 2729.8874536 8.82673276434524 -0.3382664639797038 -0.3427910021129167 0.0045245381332129075
4.987233333333332 50.7584327 2792.4500213 8.685558873968311 -0.3412974271901396 -0.34622162756279384 0.0049242003726542305
5.047199999999999 51.1901562 2846.4208302 8.871269419391448 -0.3452397368097021 -0.3496057043692422 0.004365967559540107
5.107166666666666 52.1093721 2939.8687391 8.606401708745768 -0.3464599402181911 -0.3529439365202218 0.006483996302030726
5.167133333333333 52.3375609 2959.7272533 8.258914871826068 -0.3513018400535359 -0.35623702559497167 0.004935185541435794
5.227099999999999 52.8508894 3017.193597 8.197510354185098 -0.35448368387356316 -0.3594856698332669 0.0050019859597037475
5.287066666666666 53.4233216 3084.5958886 8.247557972913985 -0.357310973595642 -0.36269056330353167 0.005379589707889654
5.347033333333333 53.4892403 3091.0830473 8.04400356779716 -0.36271191218662463 -0.36585239516146056 0.003140482974835934
5.406999999999999 54.5480341 3209.8679029 8.01692066850429 -0.3628851454636913 -0.36897184899147356 0.0060867035277822334
5.466966666666666 54.7359077 3224.1246363 7.632064605460302 -0.3674449025148596 -0.3720496022239222 0.004604699709062576
5.526933333333333 55.1479892 3271.5009886 7.535939226382565 -0.3707325166889929 -0.3750863256215424 0.004353808932549552
5.5869 55.9967964 3374.4842618 7.651927051234135 -0.37180572069183687 -0.3780826828291581 0.006276962137321207
5.646866666666666 56.0547139 3375.3408605 7.313612308524183 -0.3767385782009272 -0.38103932998113116 0.0043007517802039485
5.706833333333333 56.8062351 3468.7774715 7.425372177509114 -0.3781817888126383 -0.3839569153614845 0.00577512654884621
5.7668 57.1600863 3508.9641721 7.2675257201049 -0.38152663785793106 -0.3868360791120409 0.005309441254109815
5.826766666666666 57.5157358 3553.5547118 7.230812943607533 -0.3847882938778299 -0.3896774529843024 0.004889159106472474
5.886733333333332 58.3279332 3644.7028672 6.999413350102291 -0.3858128123967137 -0.3924816601311295 0.006668847734415784
5.946699999999999 58.8157646 3706.34033 6.985959383243252 -0.3883179677413175 -0.3952493149346135 0.0069313471932960224
6.006666666666666 58.7048968 3691.6048182 6.799878261766573 -0.39353404940099707 -0.39798102286682097 0.0044469734658239
6.066633333333332 59.0197705 3732.8453065 6.779473031216056 -0.39668832367099316 -0.4006773803803692 0.003989056709376049
6.126599999999999 59.6083897 3798.2513961 6.529633344600258 -0.3985216329909584 -0.40333897482603276 0.0048173418350743735
6.186566666666666 60.2848631 3882.3699161 6.48240957088696 -0.39990262180865 -0.40596638439482374 0.006063762586173749
6.246533333333333 60.7575698 3943.78372 6.466087716467277 -0.40217171942122876 -0.4085601780821868 0.006388458660958052
6.306499999999999 60.3408979 3889.2147635 6.240349102432275 -0.40829986066883894 -0.4111209156721593 0.0028210550033203607
6.366466666666666 61.316585 4014.8851586 6.29532729222113 -0.4082309947263189 -0.41364914773951456 0.005418153013195648
6.426433333333333 61.4929494 4037.8588352 6.210216407688259 -0.4116300452999672 -0.41614541566808005 0.0045153703681128365
6.486399999999999 61.6761649 4054.9438425 5.965636612472063 -0.4149099016219452 -0.4186102516835727 0.0037003500616275
6.546366666666666 62.2586379 4136.0161605 6.064138921558942 -0.41643123152177874 -0.42104417889942497 0.004612947377646226
6.606333333333333 62.4538017 4160.9392087 5.967922502659596 -0.41956787092277686 -0.42344771137422105 0.003879840451444183
6.6663 62.9451982 4224.7405296 5.910107540112458 -0.42140825130443704 -0.4258213541794623 0.0044131028750252765
6.726266666666666 63.2592775 4259.2902355 5.6927251195322475 -0.4239275366023014 -0.428165603476504 0.004238066874202584
6.786233333333333 63.5504466 4294.2643974 5.5502429919312055 -0.42646479008266885 -0.43048094660159564 0.004016156518926783
6.846199999999999 63.9392203 4348.8713809 5.561019013837998 -0.4285576947292104 -0.4327678621580564 0.004210167428846001
6.906166666666667 64.4890616 4423.144409 5.541557355331975 -0.42997721028991454 -0.43502682011469546 0.005049609824780921
6.966133333333332 64.5148068 4426.6666536 5.450703380225568 -0.4334606415024162 -0.43725828190966853 0.003797640407252334
7.0261 65.3143037 4532.8186757 5.405744214311056 -0.43382079730818407 -0.4394627005590348 0.005641903250850733
7.086066666666666 65.106213 4504.1981534 5.285138632197407 -0.4381162602573271 -0.4416405207693342 0.0035242605120071047
7.146033333333333 65.8879985 4605.7448597 5.179915965785406 -0.4384761906071493 -0.4437921790535811 0.005315988446431774
7.205999999999999 65.7027566 4579.1943492 5.052188144804634 -0.442541223484968 -0.4459181038501085 0.0033768803651405
7.2659666666666665 66.2799808 4657.2204882 5.004039744078418 -0.44361393946981487 -0.4480187156437604 0.004404776173945524
7.3259333333333325 66.4440699 4687.1723429 5.07474332739861 -0.44624758585892027 -0.45009442708897307 0.0038468412300528
7.3858999999999995 66.615068 4706.6356408 4.9323714907467116 -0.44881388953692697 -0.45214564313432093 0.0033317535973939605
7.4458666666666655 67.1260133 4772.4504773 4.807798385410056 -0.4500500029926471 -0.454172761148157 0.004122758155509942
7.505833333333333 67.4416039 4818.1344803 4.788362649357254 -0.4519821196972062 -0.4561761710449995 0.004194051347793326
7.565799999999999 67.8068835 4871.0817067 4.7746664592927495 -0.45370603403928816 -0.45815625541235616 0.004450221373067997
7.625766666666666 67.877819 4874.5695846 4.594335789479127 -0.456462290420989 -0.46011338963770765 0.003651099216718634
7.685733333333332 68.0357484 4907.9124426 4.72400601032303 -0.45886355470491974 -0.4620479420354023 0.003184387330482541
7.7456999999999985 68.4938058 4961.6736014 4.504846337492962 -0.46014973172757834 -0.46396027397322803 0.003810542245649695
7.805666666666665 68.7102309 4996.8639815 4.52609958296293 -0.46226254898265645 -0.4658507399984646 0.003588191015808151
7.8656333333333315 69.1121097 5053.5453757 4.4782573833322985 -0.4636928292744076 -0.4677196879632337 0.004026858688826129
7.925599999999999 69.5327493 5109.3766489 4.371134792749234 -0.46502675430129636 -0.4695674591489864 0.004540704847690036
7.985566666666665 69.582709 5115.4667308 4.292244800866565 -0.46761772050517314 -0.47139438838997777 0.0037766678848046298
8.045533333333333 69.8692744 5158.9197406 4.282429130540134 -0.4693507576029768 -0.47320080419560984 0.0038500465926330496
8.1055 69.6984705 5127.8588357 4.1093701641602705 -0.4726134959569645 -0.4749870288715241 0.0023735329145596062
8.165466666666665 70.5781734 5261.457689 4.202171370671281 -0.47225274172915516 -0.47675337863934747 0.004500636910192313
8.225433333333331 70.4923575 5243.6071641 4.056219485717381 -0.47515880183987064 -0.47850016375500115 0.003341361915130514
8.2854 70.9286143 5311.7991353 4.092346604446013 -0.47626749684893604 -0.480227688625505 0.003960191776568978
8.345366666666665 71.1356278 5334.0631756 3.9311517533882783 -0.4781168428393801 -0.481936251924205 0.003819409084824865
8.405333333333333 71.0883061 5336.4205723 4.0038895371564625 -0.48077724458629645 -0.4836261467043723 0.002848902118075869
8.4653 71.3306071 5375.3637667 4.009252428404015 -0.4824628901611176 -0.485297660511127 0.002834770350009397
8.525266666666667 71.7796097 5432.1040995 3.849629467375572 -0.48344192993769525 -0.48695107549164746 0.0035091455539522087
8.585233333333331 71.7870906 5441.8894748 3.9142294017115153 -0.4858319721065973 -0.4885866685036362 0.0027546963970389027
8.645199999999999 72.2170392 5497.7188476 3.778700163533575 -0.48682993811597697 -0.4902047112220084 0.003374773106031459
8.705166666666665 72.3023031 5507.6420021 3.695160192814739 -0.48889823486452216 -0.4918054702438005 0.002907235379278339
8.765133333333333 72.5325107 5541.1796559 3.6473179530774646 -0.49047134109397017 -0.4933892071912644 0.0029178660972942194
8.825099999999999 73.0129087 5610.4863245 3.590047604208911 -0.49123044713811226 -0.49495617881315623 0.003725731675043975
8.885066666666667 72.7753246 5575.7055454 3.539929881404875 -0.49421855707334866 -0.49650663708420617 0.0022880800108575072
8.945033333333333 73.2629023 5651.6341731 3.551661766348789 -0.49491561779482396 -0.49804082930276583 0.003125211507941872
9.004999999999999 73.5561372 5695.8744684 3.519164639729453 -0.49620540559625337 -0.4995589981866484 0.003353592590395027
9.064966666666665 73.7727094 5725.0519322 3.4395378673387524 -0.49770713322347104 -0.5010613819671494 0.0033542487436784008
9.124933333333331 73.7916488 5727.5328102 3.3907089861511093 -0.49978326692454406 -0.5025482144812774 0.0027649475567333437
9.184899999999999 74.3847496 5820.8204518 3.4106369619503063 -0.5000973206189746 -0.5040197252621865 0.003922404643211919
9.244866666666665 74.38988 5819.9935046 3.347928257716219 -0.5021741593005903 -0.5054761396278402 0.0033019803272499315
9.304833333333333 74.4318347 5826.0093525 3.302282152634696 -0.5041085605157903 -0.5069176787679119 0.0028091182521216007
9.364799999999999 75.053994 5920.2880206 3.274660333124407 -0.5042945169216835 -0.5083445598289449 0.004050042907261409
9.424766666666667 74.4213118 5832.3184706 3.3074333044629665 -0.5081807032029454 -0.5097569959977877 0.0015762927948422822
9.484733333333331 74.7519818 5876.5790264 3.2094231804156026 -0.5091944138492851 -0.5111551965833292 0.0019607827340440975
9.544699999999999 75.1482028 5932.221782 3.1280498072436527 -0.5099926051042406 -0.5125393670965503 0.002546761992309743
9.604666666666665 75.6285328 6009.1255382 3.13768836274026 -0.5105348162944927 -0.5139097093289187 0.003374893034425952
9.664633333333333 75.7833099 6038.4196327 3.1615988296407673 -0.5120122640540978 -0.5152664214291485 0.003254157375050637
9.724599999999999 76.1777335 6097.8709505 3.1175910670710807 -0.5127886198260916 -0.5166096979783502 0.003821078152258628
9.784566666666667 76.0850059 6078.9002035 3.028816702731263 -0.5149304974985113 -0.5179397300635923 0.0030092325650810103
9.844533333333333 76.6453694 6164.634042 2.99357045692934 -0.5151962091609743 -0.5192567053499073 0.004060496188933005
9.904499999999999 76.3674852 6122.385619 2.9601980373292944 -0.5178069628761778 -0.5205608081507609 0.002753845274583111
9.964466666666665 76.4745607 6139.6746553 2.9339759546357733 -0.5193112037216346 -0.5218522194970138 0.0025410157753791296
10.024433333333333 76.7782374 6189.7299786 2.933967566556074 -0.5202534457319535 -0.5231311172044009 0.0028776714724473296
10.084399999999999 77.0328655 6229.9683255 2.9097359694565172 -0.521320510024061 -0.5243976759395609 0.003077165915499891
10.144366666666667 76.680514 6173.720739 2.8551620073165958 -0.524033436664022 -0.5256520672846299 0.0016186306206078527
10.204333333333333 77.446668 6292.291279 2.826364772962289 -0.5236657307951411 -0.5268944598004406 0.003228729005299469
10.264299999999999 77.2990267 6269.5767433 2.7946924825201243 -0.5257731082502268 -0.5281250190883457 0.00235191083811892
10.324266666666666 77.8160462 6348.447268 2.749872368878759 -0.5260642206181679 -0.5293439078506896 0.0032796872325216997
10.38423333333333 77.7936687 6345.4325017 2.7225386703644587 -0.527791671594733 -0.5305512859499637 0.002759614355230755
10.444199999999999 78.405844 6434.3757122 2.6301419489181708 -0.5278046241224773 -0.5317473104666663 0.003942686344189039
10.504166666666665 78.5486253 6465.9729447 2.683460850502669 -0.5290580429974284 -0.5329321357558904 0.0038740927584619556
10.564133333333332 78.4048783 6440.0248587 2.622737658433978 -0.5310524882826901 -0.5341059135026737 0.00305342521998353
10.624099999999999 78.609311 6470.7658034 2.5811832518795206 -0.5321084338050209 -0.5352687927761288 0.0031603589711078905
10.684066666666666 78.8185732 6509.9056034 2.6065702798518315 -0.5331409982839039 -0.5364209200823842 0.0032799217984802453
10.744033333333332 78.7539085 6499.3354345 2.574256121002109 -0.5348719960681533 -0.5375624394163568 0.002690443348203564
10.803999999999998 78.8222815 6508.2678907 2.529982843255953 -0.536238079490861 -0.5386934923123863 0.0024554128215252824
10.863966666666665 79.2297085 6570.6995917 2.4854985347188894 -0.5367175548312427 -0.5398142178937506 0.0030966630625078873
10.923933333333332 79.168293 6566.1248966 2.5014705269213806 -0.5383838945656131 -0.5409247529210899 0.002540858355476794
10.983899999999998 79.3362161 6593.0037569 2.4764055601190824 -0.5394534590993257 -0.5420252318397607 0.0025717727404349633
11.043866666666666 79.5160635 6617.2758643 2.4143541417858088 -0.5404769252773763 -0.5431157868261484 0.00263886154877202
11.103833333333332 79.6496816 6642.09418 2.4171468736388686 -0.5416025375119123 -0.5441965478329523 0.002594010321040008
11.1638 79.8656298 6678.3827972 2.4060253406066385 -0.5425125420596639 -0.5452676426334762 0.0027551005738122303
11.223766666666664 80.204882 6733.3896028 2.385960909461731 -0.5431072801949398 -0.5463291968649385 0.0032219166699987145
11.283733333333332 79.886581 6683.0757744 2.3657218811130685 -0.5453133605640464 -0.5473813340708295 0.002067973506783005
11.343699999999998 80.07619 6708.710523 2.304285062264596 -0.5462482616201352 -0.5484241757423317 0.0021759141221965317
11.403666666666666 80.4834063 6780.6497051 2.330533637306179 -0.5466424978013408 -0.5494578413588327 0.0028153435574919117
11.463633333333332 80.437104 6766.374207 2.2542841902778723 -0.5481297123733234 -0.5504824484275395 0.0023527360542160425
11.5236 80.8758939 6835.1428609 2.2157181165664235 -0.5484255783599614 -0.5514981125222276 0.0030725341622661606
11.583566666666666 80.234184 6739.6003618 2.2512914987445813 -0.5513109072272521 -0.5525049473211332 0.0011940400938811324
11.643533333333332 81.2262628 6893.9584106 2.185207340262689 -0.5502683162203635 -0.5535030646440166 0.003234748423653011
11.703499999999998 81.1625175 6889.5277195 2.206098079514786 -0.5517407715958518 -0.554492574488409 0.0027518028925572757
11.763466666666664 80.8781397 6840.5891495 2.1630113529014445 -0.5537192505692763 -0.5554735850650697 0.0017543344957934304
11.823433333333332 81.1913786 6889.6442852 2.128884139019807 -0.5542697742494537 -0.5564462028326607 0.0021764285832069907
11.883399999999998 81.5938658 6958.5016434 2.131092946606614 -0.5546054142896137 -0.557410532531669 0.0028051182420552045
11.943366666666666 81.6491274 6966.721058 2.1041266186167658 -0.5557450456286191 -0.5583666772175832 0.002621631588964002
12.003333333333332 81.9078139 7009.9381797 2.089451545022484 -0.5564011254401934 -0.5593147382933492 0.0029136128531558336
12.0633 81.7264745 6979.0071421 2.0600872830369945 -0.5580623361583177 -0.56025481554112 0.002192479382802315
12.123266666666664 82.0740401 7039.7378503 2.065607721189282 -0.558495026453022 -0.56118700715331 0.002691980700288088
12.183233333333332 82.5029002 7107.9576962 2.029419735416102 -0.5587374210984488 -0.5621114097629814 0.0033739886645325345
12.243199999999998 82.282182 7080.9691608 2.0721820296697824 -0.5604530366916821 -0.563028118473565 0.0025750817818829264
12.303166666666666 81.9513779 7014.3728815 1.9709893711067492 -0.5623979180126125 -0.5639372268879433 0.0015393088753308248
12.363133333333332 82.3358579 7077.2479173 1.9500172906580033 -0.5627099188079202 -0.5648388271369019 0.0021289083289817157
12.4231 82.2986183 7075.6407375 1.9605486351485644 -0.5639624400088871 -0.5657330099069676 0.001770569898080554
12.483066666666666 82.5655283 7123.2904817 1.9651543686868047 -0.5645283968337302 -0.5666198644676456 0.0020914676339153226
12.543033333333332 83.0713755 7201.5173255 1.9110679576430711 -0.5645577789040757 -0.5674994786980742 0.002941699793998498
12.602999999999998 82.7843726 7152.8471906 1.886194447898459 -0.5663303867028939 -0.5683719391131029 0.00204155241020898
12.662966666666666 83.0377172 7206.2063874 1.9391487628041515 -0.5669039124404869 -0.5692373308888174 0.002333418448330571
12.722933333333332 83.0856744 7201.788907 1.844406147790843 -0.5679189333575599 -0.5700957378875134 0.002176804529953502
12.7829 83.2827849 7231.4031539 1.807688588688331 -0.5685929206400676 -0.5709472426821393 0.0023543220420716438
12.842866666666666 83.2776862 7228.3177862 1.7772895972111191 -0.5696947402678212 -0.5717919265802193 0.0020971863123980805
12.902833333333332 83.4981941 7273.7427571 1.81276252416173 -0.5703020249844301 -0.5726298696472667 0.0023278446628366423
12.962799999999998 83.3497471 7252.7693155 1.8186119447993914 -0.5716980505723108 -0.5734611507297018 0.0017631001573910066
13.022766666666664 83.6487741 7302.8524849 1.8027634690376682 -0.5721271935848653 -0.5742858474772813 0.002158653892415985
13.082733333333332 83.4574546 7264.7818834 1.7506357288048096 -0.573590276065958 -0.5751040363650572 0.0015137602990992205
13.142699999999998 83.6609608 7303.4648778 1.7617525817359607 -0.5742039550042696 -0.5759157927148721 0.0017118377106025706
13.202666666666666 83.8659198 7336.3707614 1.7375798870511745 -0.5748092005610342 -0.5767211907164002 0.0019119901553659169
13.262633333333332 83.9396586 7348.5890284 1.7210184381603975 -0.5756822526180592 -0.5775203034477472 0.0018380508296880205
13.3226 83.9980004 7362.2005544 1.7270471447423161 -0.576579869196717 -0.5783132028956205 0.0017333336989034942
13.382566666666666 84.44973 7434.4743034 1.6902796491678755 -0.5766519642520125 -0.5790999599750756 0.00244799572306309
13.442533333333332 84.4170766 7432.2168472 1.6932548028923824 -0.5777232062395492 -0.5798806445488514 0.002157438309302151
13.502499999999998 84.6617695 7473.8641103 1.6797558376480333 -0.5782146563202856 -0.5806553254463027 0.0024406691260171476
13.562466666666666 84.6479972 7474.8148238 1.6827799767921177 -0.5792314115298803 -0.5814240704819407 0.0021926589520603335
13.622433333333332 84.2474503 7404.9334025 1.655975523826894 -0.581027359894602 -0.5821869464735858 0.001159586578983851
13.682399999999998 84.966336 7528.1702922 1.6499931831523267 -0.5805338152573438 -0.5829440192601516 0.002410204002807781
13.742366666666667 85.1675936 7557.1440782 1.6077354068816565 -0.5810888391586173 -0.5836953537190538 0.0026065145604364792
13.802333333333333 85.1712708 7559.3667796 1.6021750741196203 -0.5820346542581923 -0.5844410137832692 0.00240635952507684
13.862299999999998 84.7647502 7486.9004682 1.5707343465755095 -0.5837928802891621 -0.5851810624580378 0.0013881821688757068
13.922266666666664 84.9105878 7514.6299956 1.5726298663936569 -0.584432947306462 -0.5859155618372263 0.001482614530764259
13.982233333333333 85.2149737 7569.6347241 1.575644462488452 -0.5847536460551268 -0.5866445731193566 0.0018909270642297749
14.0422 85.454433 7607.437879 1.5466707100228656 -0.5851993117798114 -0.5873681566233068 0.0021688448434953322
14.102166666666665 85.6274632 7640.1073984 1.5489678342459192 -0.5857712495482105 -0.5880863718036944 0.0023151222554839146
14.162133333333331 85.4327098 7606.9894696 1.5368583620595604 -0.5870599217019071 -0.5887992772659447 0.0017393555640375924
14.222099999999998 85.5649907 7628.5304401 1.5185922222323212 -0.587697974852526 -0.589506930781058 0.00180895592853203
14.282066666666665 85.9729527 7703.0465143 1.528100050017688 -0.5877947272640448 -0.5902093893000748 0.002414662036030024
14.342033333333331 86.1176876 7732.885772 1.5393243233531289 -0.5884024390369339 -0.5909067089682523 0.002504269931318359
14.401999999999997 85.8651947 7681.2364667 1.4868786442595872 -0.5897696126598191 -0.5915989451389541 0.0018293324791349708
14.461966666666664 86.0356728 7707.4480556 1.4597814033568663 -0.5903091788465447 -0.5922861523872638 0.001976973540719129
14.521933333333333 86.2981418 7752.6952528 1.4478210105973408 -0.5906667919287175 -0.5929683845233246 0.0023015925946070492
14.5819 86.1959269 7738.9930559 1.4544166520800073 -0.5917165482250246 -0.5936456946054128 0.0019291463803882136
14.641866666666665 86.3479301 7761.3624633 1.424532899383283 -0.5922747795124065 -0.5943181349527518 0.0020433554403452847
14.701833333333331 86.4246902 7780.079084 1.4381715283205734 -0.5929703683289705 -0.5949857571580724 0.002015388829101905
14.7618 86.4054526 7773.6701484 1.4123576950018337 -0.5938409277136404 -0.595648612099923 0.0018076843862826486
14.821766666666665 86.1890139 7730.3715203 1.3739022837173382 -0.5950710693997416 -0.596306749954738 0.0012356805549963434
14.881733333333331 86.4638587 7782.8112343 1.3853701742483704 -0.5953734021165887 -0.5969602202086652 0.001586818092076503
14.941699999999997 86.5241076 7794.7034308 1.3808562624359195 -0.5960732694859443 -0.5976090716691689 0.0015358021832245772
15.001666666666667 87.0394825 7886.0696561 1.3783520924391799 -0.5959250386890284 -0.5982533524763933 0.0023283137873649773
15.061633333333333 87.1954979 7915.2861729 1.3763608855818077 -0.5964411094553502 -0.5988931101143167 0.0024520006589664467
15.121599999999999 86.5750391 7805.8850591 1.3585405330130491 -0.5983789576521961 -0.5995283914216772 0.0011494337694811785
15.181566666666665 87.1047066 7897.3926168 1.345725225924229 -0.5981960241058258 -0.6001592426026927 0.0019632184968668698
15.241533333333333 87.2445697 7919.1530907 1.3238588256454353 -0.598723644803964 -0.6007857092375717 0.00206206443360768
15.301499999999999 87.4992581 7966.7689485 1.3267883202204789 -0.599038222142798 -0.6014078362928177 0.0023696141500196832
15.361466666666665 86.8976235 7858.1246477 1.3006806754465212 -0.6008981254233132 -0.6020256681313374 0.0011275427080241762
15.421433333333331 87.3905935 7946.7173405 1.3018279338960306 -0.6007711200024889 -0.6026392485223542 0.0018681285198652864
15.481399999999997 87.569018 7974.8778152 1.279009098338358 -0.6012088618694581 -0.60324862065113 0.002039758781671952
15.541366666666667 87.5870333 7980.7472573 1.2803942935703958 -0.6019293201818751 -0.6038538271285021 0.001924506946627047
15.601333333333331 87.7511411 8009.4675887 1.2703483546923857 -0.6023841945934876 -0.6044549100002352 0.0020707154067476363
15.661299999999997 87.3242706 7934.7204058 1.2605871324632174 -0.6038832497589027 -0.6050519107561994 0.0011686609972966222
15.721266666666663 87.4150099 7949.3875831 1.2461799583228705 -0.604455545451757 -0.6056448703393702 0.0011893248876132523
15.781233333333333 87.8699744 8028.1860776 1.2329129650393145 -0.604381438330772 -0.6062338291546582 0.0018523908238862186
15.841199999999999 87.6212541 7987.9160071 1.2370581097463316 -0.60554183027037 -0.6068188270775738 0.001276996807203834
15.901166666666665 88.0812129 8069.1175557 1.2292705278870133 -0.6054557793120243 -0.607399903462727 0.001944124150702664
15.961133333333331 88.1456322 8075.7401872 1.2014852481640557 -0.6060573827343498 -0.6079770971521661 0.0019197144178162429
16.0211 88.2730263 8104.0824551 1.215367678083679 -0.6065450458420838 -0.608550446483563 0.002005400641479249
16.08106666666667 88.2148091 8092.0716953 1.1996067473415375 -0.6073500651828001 -0.6091199892982417 0.0017699241154416345
16.141033333333333 88.431866 8129.4896736 1.1871617043734737 -0.6076743846369899 -0.6096857629490595 0.002011378312069656
16.201 88.3476631 8111.4247041 1.1662754929761054 -0.6085115816024657 -0.6102478043081399 0.0017362227056741952
16.26096666666667 87.8361566 8027.4696562 1.1810013891613211 -0.6100726739048618 -0.6108061497744638 7.334758696020405E-4
16.320933333333333 88.3640283 8116.8094233 1.1585561691733293 -0.6098533549433275 -0.6113608352813151 0.0015074803379876434
16.3809 88.3429472 8111.2785718 1.1433600793103365 -0.6105650503523454 -0.6119118963035977 0.001346845951252229
16.440866666666665 88.1354682 8081.5700246 1.1605876296832618 -0.611587012056158 -0.6124593678650052 8.723558088472583E-4
16.500833333333336 88.8468107 8204.6047887 1.1416625183702043 -0.6110551297519821 -0.6130032845450725 0.0019481547930904064
16.5608 88.910669 8215.895621 1.1331891251405313 -0.6116121831947112 -0.6135436804860862 0.001931497291374984
16.62076666666667 88.8171896 8203.1111114 1.1388889571017404 -0.6124284447691317 -0.6140805893998746 0.0016521446307429244
16.680733333333333 88.6856771 8177.7373405 1.1234197313734477 -0.6133020979169373 -0.6146140445744755 0.0013119466575381988
16.7407 88.5305474 8138.6086582 1.07386163143447 -0.6142058576650659 -0.6151440788806755 9.382212156096026E-4
16.800666666666668 88.6346666 8170.2645092 1.1130082696532524 -0.6146743986921552 -0.6156707247784383 9.963260862830836E-4
16.860633333333332 89.0165224 8241.1253502 1.1157416030455505 -0.6146844941522825 -0.616194014323212 0.0015095201709294237
16.9206 89.0250687 8242.5325597 1.1074477049674574 -0.6153074823139821 -0.6167139791721222 0.0014064968581400938
16.980566666666665 89.3476103 8294.9388137 1.0818607622056189 -0.6154111483198544 -0.6172306505900584 0.0018195022702039987
17.040533333333336 89.3841485 8306.4400539 1.0913778324545313 -0.6159798905417363 -0.6177440594556454 0.00176416891390907
17.1005 89.0787267 8248.9658011 1.0735880851614252 -0.6171000918677059 -0.6182542362671087 0.0011541443994028677
17.160466666666665 89.1433556 8257.5159472 1.0560187205097695 -0.6176121158329999 -0.61876121114804 0.0011490953150400385
17.220433333333332 89.6804131 8356.6952385 1.0592676317152325 -0.6173581805425982 -0.6192650138530519 0.001906833310453715
17.2804 89.2383958 8281.524282 1.0650367644431595 -0.6186806341905735 -0.6197656737733397 0.0010850395827661785
17.340366666666668 89.5652065 8335.4760349 1.0427735388699408 -0.6187619110293031 -0.6202632199421384 0.0015013089128352863
17.400333333333332 89.4364314 8313.8451446 1.0402887289214244 -0.6195690870332834 -0.6207576810400884 0.0011885940068050438
17.4603 90.119232 8433.1304282 1.0222801600228286 -0.6190789425539932 -0.6212490854005017 0.002170142846508516
17.520266666666668 89.6483774 8347.1813882 1.0110440334328423 -0.6204201824423012 -0.6217374610145378 0.0013172785722365132
17.580233333333332 89.5304279 8328.0876523 1.0107599778325655 -0.6211944467429072 -0.6222228355362898 0.0010283887933825175
17.6402 89.6132369 8343.0061091 1.0041687746792671 -0.6216473182359796 -0.622705236287779 0.0010579180517993336
17.700166666666664 89.9276078 8404.1460224 1.0123700238057927 -0.6217341170479569 -0.623184690263864 0.001450573215907136
17.760133333333336 89.9327392 8403.716694 1.0012579260302727 -0.622304183065049 -0.6236612241370625 0.0013570410720135095
17.8201 90.0500099 8429.4711931 1.009166718404977 -0.6226957786344252 -0.6241348642622915 0.001439085627866321
17.880066666666668 89.9559583 8404.1838357 0.9762669430679072 -0.6234122061629717 -0.6246056366815226 0.0011934305185509197
17.940033333333332 89.6991345 8355.6689883 0.9623714973780116 -0.6243740140820315 -0.6250735671283606 6.995530463290711E-4
18.0 90.1986799 8449.4792647 0.9681401512263428 -0.6241621007557351 -0.6255386810325385 0.0013765802768034296
