0.01 0.0 0.0 0.0 0.0 -0.0 0.0
0.38994999999999996 0.110402 0.160952 0.9783139394730745 2.6689656258968234E-5 -6.474435492163413E-5 9.143401118060236E-5
0.7698999999999999 1.025719 3.508119 4.143460253809217 -1.4872936237272148E-6 -3.935558759300645E-4 3.920685823063373E-4
1.1498499999999998 3.628717 26.275813 9.914288196799557 -2.4358032840782065E-4 -9.778289841294355E-4 7.342486557216149E-4
1.5297999999999998 8.560792 112.421528 16.72203064915719 -7.814843489997745E-4 -0.001808976139450133 0.0010274917904503585
1.90975 15.841025 339.627067 24.317374941094762 -0.0017082726846534956 -0.0028841032279993384 0.0011758305433458428
2.2896999999999994 28.892965 1025.855987 36.44145378359354 -0.002164954919011374 -0.004201891715810897 0.0020369367967995227
2.6696499999999994 45.073757 2375.477767 48.243678327637475 -0.0033586180281354287 -0.005761623418668091 0.0024030053905326624
3.0495999999999994 67.557988 5164.09953 64.51762430232039 -0.004543738527472662 -0.007562824308050892 0.00301908578057823
3.4295499999999994 101.822491 11388.049041 86.74082388403068 -0.0050814692266414494 -0.009605038488849792 0.0045235692622083426
3.8095 129.91918 18268.22436 95.72789712689193 -0.008322261125191738 -0.011887590466962111 0.003565329341770373
4.18945 175.077783 33053.345653 136.8040761563601 -0.010243131281794932 -0.014409309221474575 0.004166177939679643
4.569399999999999 221.825244 51859.906812 127.08535002079273 -0.013190134108891775 -0.01716824184863663 0.0039781077397448555
4.949349999999999 289.182864 87887.110622 173.92106517009367 -0.014323016314749144 -0.02016140016729267 0.005838383852543524
5.329299999999999 375.444321 146235.683999 185.809103637728 -0.01488371082169687 -0.023384574976528728 0.008500864154831858
5.709249999999999 462.786878 221334.75595 219.75590759287795 -0.016875906150060172 -0.02683223490967998 0.009956328759619808
6.089199999999999 523.145651 281359.096109 207.0675360111147 -0.02278385047741123 -0.030497510283513486 0.007713659806102256
6.469149999999999 612.604386 384328.288246 216.10933663675922 -0.025368521147773705 -0.03437225115091562 0.009003730003141915
6.849099999999999 745.215506 566675.249632 241.50624594930983 -0.024442759758154253 -0.03844714317421939 0.01400438341606514
7.229049999999999 851.392479 741019.580627 309.04488558918445 -0.028264780263399517 -0.04271186357804821 0.014447083314648692
7.609 961.77258 940692.395602 270.92823812294176 -0.032389794687125315 -0.047155260701914926 0.014765466014789612
7.98895 1100.430132 1238627.931246 433.7200716065273 -0.036101861236761304 -0.05176554325041794 0.015663682013656637
8.3689 1173.358939 1400065.810919 332.59729208526517 -0.04650984846028611 -0.05653046835295394 0.01002061989266783
8.74885 1408.71646 2008899.513732 319.00563100090983 -0.04198002655957007 -0.061437520475803 0.01945749391623293
9.128799999999998 1555.411352 2460546.403874 494.8933241687798 -0.04721699649002188 -0.0664740758123254 0.019257079322303514
9.50875 1921.810524 3722427.938422 321.53759580963913 -0.0366518648887582 -0.07162754890921481 0.034975684020456616
9.888699999999998 1965.124548 3895566.508372 346.1833494362483 -0.047978777582244087 -0.07688551995888233 0.028906742376638248
10.26865 2252.476487 5100075.741425 250.60812391689814 -0.041484436902767416 -0.08223584244007628 0.04075140553730887
10.648599999999998 2568.884572 6630620.10373 277.3738033771132 -0.03298242291973399 -0.08766673168141595 0.05468430876168196
11.02855 2718.275423 7435370.373739 381.06973505528606 -0.03730294537159786 -0.09316683552196799 0.055863890150370125
11.408499999999998 2741.874887 7549115.814791 240.00760246100305 -0.04886403141858745 -0.09872528861190458 0.049861257193317125
11.78845 2946.310256 8720743.683476 287.83379922764277 -0.048234988870521155 -0.10433175209014665 0.0560967632196255
12.168399999999998 3226.215878 1.0445286853762E7 248.6524792790513 -0.04364658872466148 -0.10997644044114918 0.0663298517164877
12.548349999999997 3685.032488 1.3618448876662E7 247.58141589389953 -0.029220777447182218 -0.11565013730752167 0.08642935986033945
12.928299999999998 3547.680858 1.2713826006722E7 764.5435990843297 -0.052838237679153986 -0.12134420194861144 0.06850596426945746
13.308249999999997 3809.647196 1.453195745462E7 104.71315619973286 -0.05340181020865358 -0.12705056791043648 0.07364875770178289
13.688199999999998 4037.32569 1.6412980555506E7 602.9980592631211 -0.054225766149784915 -0.13276173532652566 0.07853596917674074
14.068149999999997 4605.51946 2.1250011239416E7 198.0757898341126 -0.03940819163255906 -0.13847075811459295 0.09906256648203388
14.448099999999998 4577.597574 2.1077122537488E7 587.9013303817524 -0.05391371935083063 -0.1441712271794478 0.09025750782861718
14.828049999999998 4939.991205 2.4541840582969E7 629.1299692282681 -0.05345488140568949 -0.14985725058383517 0.09640236917814568
15.208 4493.794559 2.0293895765419E7 431.1000510655015 -0.08880034322494335 -0.1555234315098774 0.06672308828493406
15.587949999999998 5297.20051 2.8084761314676E7 100.53358621421593 -0.06273720797496167 -0.16116484470648135 0.09842763673151968
15.9679 5178.128926 2.7030376555992E7 852.4693744631393 -0.0813594124483424 -0.16677701200356743 0.08541759955522503
16.34785 5605.338056 3.1448951002526E7 109.02166764315896 -0.07636881853702183 -0.17235587737237007 0.09598705883534824
16.727800000000002 5528.675284 3.0701318489716E7 482.6975739687571 -0.08966639810898451 -0.1778977819220116 0.0882313838130271
17.10775 6190.848617 3.8422185606991E7 326.57033377310046 -0.07427235660466738 -0.18339943914535012 0.10912708254068273
17.4877 5435.657859 2.9603271759037E7 186.04232490797554 -0.1136025254576434 -0.18885791066085186 0.07525538520320846
17.86765 6754.522674 4.569692652566E7 229.75505714675575 -0.07023636671795712 -0.19427058264080035 0.12403421592284324
18.2476 6898.309957 4.7718063958813E7 394.57536797788003 -0.07481718424949581 -0.1996351430686483 0.12481795881915249
18.62755 6471.143319 4.2023682610517E7 426.4924751178419 -0.10191750091600163 -0.20494955992853692 0.10303205901253529
19.0075 7878.937203 6.2122624979905E7 124.48212376769911 -0.05936811385556743 -0.2102120603970824 0.15084394654151498
19.38745 7302.101422 5.3341606517926E7 55.66063176991784 -0.0869442604644616 -0.2154211110805099 0.1284768506160483
19.7674 8405.797782 7.099954977688E7 875.529968098341 -0.05950739711243176 -0.22057539931824457 0.1610680022058128
20.14735 7775.739461 6.0533791558291E7 176.55732659704262 -0.0936946336318961 -0.22567381555647642 0.1319791819245803
20.5273 8182.249748 6.7189498067482E7 570.2520421701033 -0.08977059499293287 -0.2307154367812494 0.1409448417883165
20.90725 8310.626163 6.9272711874595E7 471.74210117712266 -0.09716072299045535 -0.23569951098977085 0.13853878799931552
21.2872 8658.475818 7.5124108565118E7 341.8444734817066 -0.0958677616406712 -0.2406254426703624 0.1447576810296912
21.66715 8660.279872 7.508002437201E7 169.50538311335626 -0.10395188664279686 -0.24549277925533539 0.14154089261253852
22.0471 7989.026532 6.395580142835E7 270.03364170589595 -0.13251402581963156 -0.25030119850672133 0.11778717268708977
22.42705 9018.214526 8.1382755126174E7 108.47885607741311 -0.10730378809268093 -0.25505049679184316 0.14774670869916223
22.807 9021.625384 8.1474817344306E7 163.58985298527844 -0.11349850593361602 -0.25974057820400226 0.14624207227038624
23.18695 9064.693994 8.2278993384052E7 205.18800105288054 -0.11887715466913183 -0.2643714444827249 0.14549428981359308
23.5669 9330.987006 8.7272783502974E7 369.9413932043893 -0.11869504559797331 -0.2689431856879675 0.15024814008999418
23.94685 10413.930439 1.08499619836219E8 86.62046758518835 -0.09432657138404736 -0.2734559715832116 0.17912940019916423
24.3268 9700.888168 9.4158404019928E7 86.4706996258019 -0.12035213129056148 -0.27791004368336497 0.15755791239280348
24.70675 9419.289373 8.8922051691427E7 326.06772275838534 -0.13475489694021112 -0.28230570792470067 0.14755081098448955
25.086699999999997 9653.268825 9.3229750797717E7 70.15542223068614 -0.1344573089522262 -0.2866433279156545 0.1521860189634283
25.46665 10383.234583 1.08158651504567E8 535.1799531625829 -0.12175768310694345 -0.29092331872901783 0.16916563562207437
25.8466 10553.510814 1.11416153581106E8 59.222024481280336 -0.12445405867869992 -0.2951461411979636 0.1706920825192637
26.22655 11097.131782 1.23223682219662E8 112.45251897613448 -0.11513282784069408 -0.2993122966802257 0.18417946883953162
26.606499999999997 10399.781984 1.08228672145902E8 103.41323210210557 -0.13860989525093612 -0.303422322256727 0.16481242700579088
26.98645 11376.092185 1.29555226582647E8 191.8978840572919 -0.11887346571777888 -0.3074767863328896 0.18860332061511073
27.3664 11993.538109 1.43901181850351E8 75.07542815672367 -0.10865808854874322 -0.3114762846127636 0.2028181960640204
27.74635 11391.6156 1.29809341129316E8 52.522737110807945 -0.12851476404147305 -0.3154214364180063 0.18690667237653324
28.126299999999997 11488.154304 1.32100452989054E8 155.18319060663026 -0.13101429575316273 -0.31931288132550983 0.1882985855723471
28.50625 12090.358331 1.46288065519107E8 136.96786331092648 -0.12156693431640675 -0.32315127609926275 0.201584341782856
28.8862 11902.295067 1.41990852165415E8 390.96284363226476 -0.13239121568534282 -0.3269372918936475 0.1945460762083047
29.26615 11648.170044 1.35730606736738E8 59.242167379522165 -0.14419906242759536 -0.33067161170697545 0.1864725492793801
29.646099999999997 12341.057481 1.52333019274003E8 35.63526753468574 -0.13203240850411863 -0.33435492806557154 0.20232251956145292
30.02605 12228.278611 1.49681060096609E8 166.66854703135397 -0.13922462721292705 -0.33798794092010115 0.1987633137071741
30.406000000000002 12666.124252 1.60485100683404E8 58.837917796561115 -0.13381369135683696 -0.34157135573718767 0.2077576643803507
30.78595 12620.411924 1.59577934554218E8 319.8412209257884 -0.14006712157788495 -0.34510588177061585 0.2050387601927309
31.165899999999997 13484.941574 1.81940803758522E8 100.02385640848915 -0.1261473100450912 -0.34859223049757126 0.22244492045248007
31.545849999999998 13278.716945 1.76387175364637E8 63.15856865707124 -0.1350213794261018 -0.35203111420647565 0.21700973478037386
31.925800000000002 13177.83103 1.73792815124778E8 134.98510118779353 -0.14154808417708123 -0.3554232447239846 0.2138751605469034
32.305749999999996 13057.35865 1.70560421084154E8 63.05317432150115 -0.14835387458283897 -0.35876933226968066 0.2104154576868417
32.6857 13415.389969 1.80144828090695E8 161.12628559631898 -0.14497342087742435 -0.3620700844278634 0.21709666355043908
33.06564999999999 13796.969643 1.90484645729177E8 117.32372972336917 -0.14140598700177429 -0.36532620522666115 0.22392021822488686
33.4456 13302.251662 1.76988192142842E8 34.232598197857946 -0.1555812158078853 -0.36853839431546837 0.21295717850758306
33.82555 12914.395821 1.66895507677627E8 99.53806854172272 -0.16718489589212968 -0.3717073462323906 0.20452245034026093
34.205499999999994 14470.741243 2.09471018181045E8 58.68812535116216 -0.13927040642871708 -0.3748337497540584 0.23556334332534135
34.585449999999994 13185.182059 1.73872590288855E8 19.700116081231787 -0.16857861506005997 -0.3779182873207695 0.20933967226070951
34.965399999999995 14047.935926 1.97536373409718E8 156.938404613978 -0.15506812374643653 -0.3809616345304671 0.22589351078403058
35.345349999999996 13665.699746 1.86891731858118E8 112.36933541504246 -0.16659524477778717 -0.3839644596955994 0.21736921491781222
35.7253 13672.677886 1.87006602573588E8 50.52272021222429 -0.16995357620728904 -0.3869274234573665 0.21697384725007748
36.10524999999999 13955.780556 1.94979764304202E8 165.66062165705017 -0.16814121740413196 -0.3898511784523174 0.22170996104818547
36.48519999999999 14572.488386 2.12399096544618E8 31.309892935481063 -0.15997852562225787 -0.3927363690266443 0.23275784340438646
36.86515 14624.396788 2.13942025048394E8 50.803266922146605 -0.16219062204736423 -0.39558363099393756 0.23339300894657333
37.245099999999994 14727.984644 2.16976212836604E8 45.18546485166662 -0.16344893939603264 -0.3983935914324525 0.23494465203641987
37.625049999999995 14460.061319 2.09115125559297E8 15.365589161368518 -0.17140038018293371 -0.40116686851832184 0.22976648833538812
38.004999999999995 14898.20525 2.22007442046652E8 35.255524614722965 -0.16629406413897385 -0.4039040713913901 0.23761000725241627
38.384949999999996 14877.211354 2.2138357586173E8 35.39977932829177 -0.1696428007017668 -0.40660580005065106 0.23696299934888426
38.7649 14036.379371 1.97061524982385E8 27.669296807340825 -0.18754890592062684 -0.4092726452765015 0.22172373935587464
39.14485 14177.547504 2.01317081391458E8 205.06702948302433 -0.18830135964576739 -0.41190518857725267 0.22360382893148528
39.52479999999999 15223.521893 2.31779167155329E8 15.073729822965175 -0.17315781835357835 -0.4145040021575778 0.24134618380399947
39.90475 16246.545393 2.64137154967077E8 117.38196618410288 -0.15841559986645093 -0.41706964890672216 0.25865404904027123
40.284699999999994 15383.57349 2.36732185828406E8 47.972497626339006 -0.17648675982232437 -0.4196026824045352 0.24311592258221082
40.664649999999995 15143.727777 2.29509842006235E8 107.25057246387226 -0.1835788738107678 -0.42210364694350455 0.23852477313273676
41.044599999999996 16177.495618 2.61906960419138E8 116.10416515540295 -0.16927366054736082 -0.42457307756514834 0.2552994170177875
41.424549999999996 15472.904774 2.39499548231666E8 51.72868925830762 -0.1841242373001321 -0.4270115001092545 0.24288726280912237
41.8045 17100.519982 2.92499558629796E8 41.07021563602736 -0.15983922908991918 -0.4294194312745776 0.2695802021846584
42.18445 16315.781037 2.66278285281985E8 41.34491956505551 -0.17556433927230658 -0.43179737868974216 0.2562330394174356
42.56439999999999 16847.624369 2.83906329092463E8 35.26037481583705 -0.16957250261793302 -0.43414584099317505 0.264573338375242
42.94434999999999 16236.435552 2.63644752439596E8 12.42424448956069 -0.18203334293822115 -0.4364653079210257 0.25443196498280457
43.324299999999994 15632.174844 2.44400242979162E8 18.834693929082 -0.19411611112408828 -0.4387562604021038 0.24464014927801553
43.70424999999999 15917.799634 2.53428279018414E8 27.189612016056415 -0.19193308757663585 -0.4410191706589465 0.24908608308231067
44.084199999999996 16105.654231 2.59527003785895E8 69.41670208243367 -0.1914746909504473 -0.44325450231422175 0.2517798113637745
44.46415 17436.105566 3.04108454559254E8 45.86467857503773 -0.1732867555244653 -0.44546271050172015 0.2721759549772549
44.8441 16462.196273 2.71061712931495E8 28.745396904898623 -0.19087690927771667 -0.44764424198128006 0.2567673327035634
45.22405 16214.277449 2.62936468117395E8 16.465226986385584 -0.196970932200818 -0.4497995352570285 0.25282860305621047
45.60399999999999 17006.809887 2.89265487685415E8 16.302711105450875 -0.18712881628541045 -0.4519290206983918 0.26480020441298135
45.98394999999999 16376.389971 2.68257794116981E8 33.882635672578395 -0.19892930553568314 -0.45403312066336143 0.2551038151276783
46.363899999999994 16551.410571 2.74080411630315E8 61.0434757167364 -0.1986333621806871 -0.45611224962357483 0.2574788874428877
46.74384999999999 16414.216667 2.69497768029705E8 32.61311017394885 -0.2029670455046796 -0.45816681429077727 0.2551997687860977
47.123799999999996 17007.23535 2.8935225499903E8 47.824118125625226 -0.196464692006916 -0.4601972137443084 0.26373252173739237
47.50375 17831.967225 3.18081773208239E8 45.51883791189537 -0.18672600181765614 -0.4622038395592631 0.27547783774160695
47.8837 16214.373014 2.62953937950898E8 20.954593832637865 -0.21239290505931058 -0.4641870759350211 0.25179417087571054
48.26365 16935.139273 2.86889100840545E8 38.70499792660037 -0.20408574131408663 -0.46614729982387504 0.2620615585097884
48.64359999999999 17241.848849 2.97447722756697E8 70.31148572515438 -0.20193726199660997 -0.46808488105949775 0.26614761906288775
49.02354999999999 16596.024447 2.75522016792523E8 39.10831625519994 -0.21328189175836942 -0.4700001824850411 0.2567182907266717
49.403499999999994 16423.188363 2.69966671525541E8 100.6084050481917 -0.21790356116709206 -0.47189356008064376 0.2539899989135517
49.783449999999995 17629.32601 3.10925096074218E8 53.24440726267278 -0.20331343216921724 -0.47376536309019457 0.2704519309209773
50.16339999999999 17820.50291 3.17637621171052E8 26.743799202757284 -0.20276601910087372 -0.47561593414717224 0.2728499150462985
50.54335 17040.067395 2.90434345284075E8 27.576773001096768 -0.21547415062869926 -0.47744560939942626 0.26197145877072703
50.9233 17382.107758 3.02189480236946E8 19.979359942502967 -0.21271150087538368 -0.4792547186327779 0.2665432177573942
51.30325 17738.758716 3.14763414946794E8 37.9381733575675 -0.20981970418266335 -0.48104358539331954 0.2712238812106562
51.68319999999999 18259.428424 3.33460893951194E8 20.278724852078696 -0.20477487751787457 -0.4828125271083315 0.27803764959045696
52.06314999999999 17483.901065 3.05721195929929E8 12.690858036806926 -0.21698253536144416 -0.48456185520571343 0.2675793198442693
52.443099999999994 17320.06373 3.00065850369814E8 29.53982716058528 -0.22095936755007392 -0.48629187523187006 0.26533250768179617
52.823049999999995 17747.257234 3.15139587068982E8 62.51991775647972 -0.21725477030672546 -0.48800288696798594 0.2707481166612605
53.20299999999999 16919.463911 2.86529021210911E8 92.12390768951317 -0.2300946387104968 -0.48969518454462574 0.25960054583412895
53.58295 18432.143178 3.39938885273876E8 67.91157757403008 -0.21251989922662484 -0.4913690565546347 0.27884915732800986
53.9629 17751.64712 3.15333231632924E8 72.89030056551663 -0.22329406858156067 -Infinity Infinity
54.34285 18636.789335 3.47410411975673E8 27.257465877508896 -0.21387053606648027 -Infinity Infinity
54.72279999999999 18447.483388 3.4045671262548E8 49.111740962351675 -0.2181192284884369 -Infinity Infinity
55.10274999999999 20431.312014 4.17468430006364E8 9.853856429179222 -0.19495815205845868 -Infinity Infinity
55.482699999999994 18313.540503 3.35470108443937E8 27.39884578162325 -0.2232586000323956 -Infinity Infinity
55.862649999999995 17811.029497 3.17392276078105E8 51.112770673195264 -0.2312473549259957 -Infinity Infinity
56.24259999999999 17862.46072 3.19153830523876E8 27.290949073791644 -0.23230880972263554 -Infinity Infinity
56.62254999999999 18446.12323 3.40441162760832E8 56.673153733750446 -0.22686028146773232 -Infinity Infinity
57.0025 18416.486564 3.39366080173664E8 61.275884167908075 -0.22901502512838917 -Infinity Infinity
57.38245 17536.563172 3.07640736846476E8 33.312309944413684 -0.24135159836001954 -Infinity Infinity
57.76239999999999 18146.691167 3.29386548477961E8 25.220529679627216 -0.23558088017381584 -Infinity Infinity
58.14234999999999 18606.783908 3.46414653356722E8 59.82665037708306 -0.2317329948255481 -Infinity Infinity
58.522299999999994 17702.724248 3.13459452243908E8 21.31662367666901 -0.24407074703980328 -Infinity Infinity
58.902249999999995 19355.609373 3.74820307882037E8 52.08098602924769 -0.22617046292281545 -Infinity Infinity
59.28219999999999 18230.964424 3.32434785278492E8 18.98527302882964 -0.2409424412498477 -Infinity Infinity
59.66214999999999 19633.708245 3.85556744257359E8 20.857789813825242 -0.22612205195222337 -Infinity Infinity
60.0421 19509.013721 3.80677027851461E8 20.91826920083532 -0.22911137916406943 -Infinity Infinity
60.42205 18963.045837 3.59765658386597E8 46.16792390084633 -0.23694684557909224 -Infinity Infinity
60.802 19010.266894 3.61481290835664E8 24.62708436476144 -0.2379373369327198 -Infinity Infinity
61.18194999999999 19588.475957 3.83773440442893E8 17.378068525611805 -0.2328443878507072 -Infinity Infinity
61.561899999999994 19447.387988 3.78320364628302E8 31.522229075006887 -0.235920918618565 -Infinity Infinity
61.941849999999995 19264.325737 3.71149175922133E8 9.103911230645842 -0.23941234723510327 -Infinity Infinity
62.32179999999999 19183.73107 3.6819771281242E8 46.90389533715792 -0.2417551038982078 -Infinity Infinity
62.70174999999999 19079.892539 3.64101277334625E8 15.001371748244189 -0.2443396931096054 -Infinity Infinity
63.08169999999999 19395.548961 3.76301283335889E8 28.63916072793126 -0.24225038320747755 -Infinity Infinity
63.46165 19720.76651 3.88944939502532E8 9.015228608256807 -0.24007013650161374 -Infinity Infinity
63.8416 19428.545872 3.77544558552796E8 18.687077085910477 -0.24459332930660677 -Infinity Infinity
64.22155000000001 18592.92851 3.45981569176754E8 68.99866219798649 -0.2550452497387063 -Infinity Infinity
64.6015 19026.940272 3.62160945768716E8 32.70502836039519 -0.2517939961422553 -Infinity Infinity
64.98145 19550.456446 3.82456191463956E8 55.85299107263406 -0.2476012210600277 -Infinity Infinity
65.3614 19583.422827 3.83560677307545E8 11.757107329826033 -0.24861408502800178 -Infinity Infinity
65.74135 19282.475625 3.71931305599263E8 27.17293054169781 -0.25307590252852596 -Infinity Infinity
66.12129999999999 18282.164117 3.34306515353161E8 15.779994741238282 -0.26481981479395345 -Infinity Infinity
66.50125 20290.969772 4.11890697292544E8 37.81711055968435 -0.24511494098585612 -Infinity Infinity
66.8812 20403.104088 4.16409842088276E8 27.53924629312144 -0.2452968759900011 -Infinity Infinity
67.26115 20471.309345 4.19171543110041E8 21.449044008774113 -0.2458978260810171 -Infinity Infinity
67.64110000000001 20034.418836 4.01581908441386E8 44.58057928903115 -0.25169671945025895 -Infinity Infinity
68.02105 18456.986389 3.40729654540923E8 14.979473900597243 -0.26903118868660647 -Infinity Infinity
68.401 20352.879656 4.14288091758578E8 10.340799803260785 -0.250942481875657 -Infinity Infinity
68.78095 20297.229519 4.12118861987993E8 29.87555401110813 -0.2527312922369011 -Infinity Infinity
69.1609 19943.946447 3.97869157881001E8 22.611916673241353 -0.257504549742484 -Infinity Infinity
69.54084999999999 19160.667181 3.67200422337097E8 14.321034142873394 -0.2664789569029655 -Infinity Infinity
69.9208 20014.678072 4.00698580268446E8 22.753896965502044 -0.25914008234168334 -Infinity Infinity
70.30075000000001 19395.836894 3.7624415265887E8 9.23958606558701 -0.26638035716969316 -Infinity Infinity
70.6807 20045.315641 4.01913600042305E8 19.800964859226315 -0.2611106696787332 -Infinity Infinity
71.06065 20152.952127 4.06544828944663E8 79.87726457470671 -0.26130834929973906 -Infinity Infinity
71.4406 19888.066295 3.95595731186221E8 11.863849372653295 -0.265102064725658 -Infinity Infinity
71.82055 19681.35616 3.87406788487248E8 9.888774281488969 -0.26816737981350464 -Infinity Infinity
72.20049999999999 20197.772667 4.08064144555851E8 21.892532169101234 -0.26428284005641073 -Infinity Infinity
72.58045 20575.896453 4.23542071473983E8 33.13576750187179 -0.26180082366125446 -Infinity Infinity
72.96039999999999 19762.233663 3.90796032329209E8 46.99279377799492 -0.27070244084931344 -Infinity Infinity
73.34035 19977.581367 3.99191907133985E8 16.388366396771275 -0.26976632100317816 -Infinity Infinity
73.72030000000001 20449.565725 4.18236593200085E8 9.541469576163776 -0.2663628386039119 -Infinity Infinity
74.10025 20401.60012 4.16286430567694E8 11.13546065889947 -0.26784446663890876 -Infinity Infinity
74.4802 19171.801765 3.67658599638871E8 18.137962419678622 -0.2803150333890628 -Infinity Infinity
74.86015 20935.409734 4.3838433516728E8 16.587034118524105 -0.26497728958520833 -Infinity Infinity
75.2401 20675.948602 4.27588612317572E8 16.562536970658616 -0.2684126281585048 -Infinity Infinity
75.62004999999999 20642.810999 4.26482690981975E8 62.438014727234155 -0.2698204721590637 -Infinity Infinity
76.0 20200.531593 4.08200422477687E8 24.05571985731825 -0.27495638339659606 -Infinity Infinity
